Date : 2022/09/08 (THU)
Time : 10:05:18
         UnWinder        OutFeeder 1        OutFeeder 2  
     X        Y         X        Y         X        Y    
    0.00     5.60      0.00     4.10      0.00     3.00  
    1.00     5.70      1.00     4.10      1.00     3.00  
    2.00     5.80      2.00     3.70      2.00     2.70  
    3.00     5.80      3.00     4.10      3.00     3.00  
    4.00     5.90      4.00     3.90      4.00     3.00  
    5.00     5.90      5.00     4.10      5.00     2.90  
    6.00     5.90      6.00     4.10      6.00     2.80  
    7.00     5.90      7.00     4.20      7.00     2.80  
    8.00     5.90      8.00     4.10      8.00     2.80  
    9.00     5.90      9.00     4.20      9.00     2.90  
   10.00     6.00     10.00     4.20     10.00     3.10  
   11.00     5.90     11.00     4.10     11.00     3.00  
   12.00     6.00     12.00     3.90     12.00     2.90  
   13.00     5.90     13.00     4.00     13.00     3.00  
   14.00     5.90     14.00     3.90     14.00     3.00  
   15.00     5.90     15.00     4.10     15.00     3.00  
   16.00     5.80     16.00     4.10     16.00     3.00  
   17.00     5.60     17.00     4.20     17.00     2.90  
   18.00     5.80     18.00     4.10     18.00     2.80  
   19.00     5.90     19.00     4.10     19.00     2.80  
   20.00     5.80     20.00     4.10     20.00     3.00  
   21.00     5.70     21.00     4.00     21.00     3.00  
   22.00     5.50     22.00     4.10     22.00     3.00  
   23.00     5.50     23.00     4.10     23.00     3.10  
   24.00     5.40     24.00     3.90     24.00     3.10  
   25.00     5.40     25.00     3.80     25.00     3.00  
   26.00     5.70     26.00     3.90     26.00     2.80  
   27.00     5.80     27.00     4.00     27.00     2.80  
   28.00     5.50     28.00     4.00     28.00     2.70  
   29.00     5.50     29.00     4.00     29.00     2.70  
   30.00     5.70     30.00     4.00     30.00     2.70  
   31.00     5.50     31.00     3.90     31.00     2.90  
   32.00     5.60     32.00     3.90     32.00     3.00  
   33.00     5.50     33.00     3.90     33.00     3.00  
   34.00     5.50     34.00     4.00     34.00     3.00  
   35.00     5.50     35.00     4.00     35.00     3.00  
   36.00     5.40     36.00     4.10     36.00     2.90  
   37.00     5.50     37.00     4.10     37.00     2.90  
   38.00     5.50     38.00     4.10     38.00     3.00  
   39.00     5.60     39.00     3.90     39.00     2.60  
   40.00     5.80     40.00     4.10     40.00     3.00  
   41.00     5.90     41.00     4.10     41.00     3.00  
   42.00     5.90     42.00     4.10     42.00     3.00  
   43.00     5.90     43.00     4.00     43.00     3.10  
   44.00     5.90     44.00     4.00     44.00     3.00  
   45.00     5.90     45.00     4.00     45.00     3.10  
   46.00     5.90     46.00     4.00     46.00     3.00  
   47.00     5.90     47.00     4.10     47.00     2.90  
   48.00     5.90     48.00     4.10     48.00     2.80  
   49.00     5.90     49.00     4.10     49.00     2.90  
   50.00     5.90     50.00     4.10     50.00     2.90  
   51.00     5.80     51.00     4.10     51.00     3.00  
   52.00     5.50     52.00     4.10     52.00     3.00  
   53.00     5.90     53.00     4.10     53.00     3.10  
   54.00     5.90     54.00     3.90     54.00     3.10  
   55.00     5.90     55.00     4.00     55.00     3.10  
   56.00     5.90     56.00     4.00     56.00     3.00  
   57.00     5.90     57.00     4.20     57.00     2.90  
   58.00     5.70     58.00     3.80     58.00     2.50  
   59.00     5.50     59.00     4.10     59.00     3.00  
   60.00     5.50     60.00     4.10     60.00     3.00  
   61.00     5.50     61.00     4.10     61.00     3.00  
   62.00     5.40     62.00     4.10     62.00     3.00  
   63.00     5.40     63.00     4.00     63.00     3.10  
   64.00     5.40     64.00     4.00     64.00     3.10  
   65.00     5.30     65.00     4.00     65.00     3.10  
   66.00     5.70     66.00     4.10     66.00     2.90  
   67.00     5.90     67.00     4.10     67.00     2.90  
   68.00     5.50     68.00     4.10     68.00     2.90  
   69.00     5.40     69.00     4.10     69.00     2.90  
   70.00     5.40     70.00     4.10     70.00     2.90  
   71.00     5.60     71.00     4.10     71.00     3.00  
   72.00     5.70     72.00     4.20     72.00     3.10  
   73.00     5.50     73.00     4.10     73.00     3.10  
   74.00     5.50     74.00     4.00     74.00     3.10  
   75.00     5.70     75.00     3.90     75.00     3.00  
   76.00     5.70     76.00     4.00     76.00     3.00  
   77.00     5.80     77.00     4.20     77.00     2.90  
   78.00     5.80     78.00     4.10     78.00     2.80  
   79.00     5.80     79.00     4.10     79.00     2.90  
   80.00     5.90     80.00     4.10     80.00     2.80  
   81.00     5.90     81.00     4.10     81.00     2.90  
   82.00     5.90     82.00     4.10     82.00     3.00  
   83.00     5.90     83.00     4.10     83.00     3.10  
   84.00     5.90     84.00     4.10     84.00     3.10  
   85.00     5.90     85.00     4.10     85.00     3.10  
   86.00     5.90     86.00     4.10     86.00     3.10  
   87.00     5.90     87.00     4.10     87.00     3.00  
   88.00     5.90     88.00     4.10     88.00     2.70  
   89.00     5.90     89.00     4.10     89.00     2.90  
   90.00     5.90     90.00     4.10     90.00     2.80  
   91.00     5.50     91.00     4.10     91.00     2.80  
   92.00     5.90     92.00     4.10     92.00     3.00  
   93.00     5.80     93.00     4.10     93.00     3.00  
   94.00     5.50     94.00     4.10     94.00     3.10  
   95.00     5.80     95.00     4.00     95.00     3.10  
   96.00     5.50     96.00     4.20     96.00     3.00  
   97.00     5.50     97.00     4.10     97.00     3.00  
   98.00     5.50     98.00     4.20     98.00     2.90  
   99.00     5.50     99.00     4.20     99.00     2.90  
  100.00     5.40    100.00     4.10    100.00     3.00  
  101.00     5.40    101.00     4.10    101.00     2.90  
  102.00     5.40    102.00     4.10    102.00     3.00  
  103.00     5.40    103.00     4.10    103.00     3.10  
  104.00     5.30    104.00     4.00    104.00     3.10  
  105.00     5.30    105.00     4.10    105.00     3.10  
  106.00     5.80    106.00     4.10    106.00     3.10  
  107.00     5.60    107.00     4.10    107.00     2.90  
  108.00     5.50    108.00     4.10    108.00     2.90  
  109.00     5.80    109.00     4.10    109.00     2.80  
  110.00     5.50    110.00     4.10    110.00     2.80  
  111.00     5.50    111.00     4.10    111.00     2.80  
  112.00     5.50    112.00     4.20    112.00     2.90  
  113.00     5.60    113.00     3.90    113.00     2.90  
  114.00     5.70    114.00     4.10    114.00     3.00  
  115.00     5.80    115.00     3.90    115.00     3.00  
  116.00     5.80    116.00     3.90    116.00     3.10  
  117.00     5.90    117.00     4.00    117.00     3.00  
  118.00     5.90    118.00     4.20    118.00     2.90  
  119.00     5.90    119.00     4.20    119.00     2.90  
  120.00     5.90    120.00     4.20    120.00     3.00  
  121.00     5.90    121.00     4.10    121.00     2.80  
  122.00     5.90    122.00     4.10    122.00     2.90  
  123.00     5.90    123.00     4.10    123.00     3.00  
  124.00     5.90    124.00     4.10    124.00     3.00  
  125.00     5.90    125.00     4.10    125.00     3.10  
  126.00     5.90    126.00     4.10    126.00     3.10  
  127.00     5.90    127.00     4.10    127.00     3.00  
  128.00     5.90    128.00     4.20    128.00     2.90  
  129.00     5.90    129.00     4.20    129.00     2.80  
  130.00     5.90    130.00     4.20    130.00     2.90  
  131.00     5.80    131.00     4.20    131.00     2.80  
  132.00     5.60    132.00     4.20    132.00     2.80  
  133.00     5.60    133.00     4.20    133.00     2.90  
  134.00     5.50    134.00     4.10    134.00     3.00  
  135.00     5.50    135.00     4.10    135.00     3.00  
  136.00     5.40    136.00     4.10    136.00     3.10  
  137.00     5.40    137.00     4.10    137.00     3.10  
  138.00     5.40    138.00     4.10    138.00     3.00  
  139.00     5.40    139.00     4.20    139.00     2.90  
  140.00     5.40    140.00     4.20    140.00     2.80  
  141.00     5.30    141.00     4.10    141.00     2.80  
  142.00     5.40    142.00     4.10    142.00     2.90  
  143.00     5.40    143.00     4.10    143.00     3.00  
  144.00     5.30    144.00     4.20    144.00     3.00  
  145.00     5.30    145.00     4.10    145.00     3.10  
  146.00     5.40    146.00     4.10    146.00     3.20  
  147.00     5.80    147.00     4.10    147.00     3.10  
  148.00     5.50    148.00     4.20    148.00     3.10  
  149.00     5.70    149.00     4.20    149.00     2.90  
  150.00     5.60    150.00     4.10    150.00     3.00  
  151.00     5.60    151.00     4.00    151.00     2.90  
  152.00     5.70    152.00     4.00    152.00     2.90  
  153.00     5.80    153.00     4.10    153.00     3.00  
  154.00     5.80    154.00     4.10    154.00     3.00  
  155.00     5.90    155.00     4.10    155.00     3.00  
  156.00     5.90    156.00     4.10    156.00     3.10  
  157.00     5.90    157.00     4.10    157.00     3.10  
  158.00     5.90    158.00     4.10    158.00     3.10  
  159.00     5.90    159.00     3.80    159.00     2.70  
  160.00     5.90    160.00     4.20    160.00     2.80  
  161.00     5.90    161.00     4.00    161.00     2.80  
  162.00     5.90    162.00     4.00    162.00     2.80  
  163.00     5.90    163.00     4.10    163.00     2.90  
  164.00     5.90    164.00     4.10    164.00     3.00  
  165.00     5.90    165.00     4.10    165.00     3.10  
  166.00     5.90    166.00     3.90    166.00     3.10  
  167.00     5.60    167.00     4.00    167.00     3.10  
  168.00     5.70    168.00     4.10    168.00     3.10  
  169.00     5.60    169.00     4.10    169.00     2.90  
  170.00     5.60    170.00     4.10    170.00     3.00  
  171.00     5.50    171.00     4.10    171.00     2.80  
  172.00     5.50    172.00     4.00    172.00     2.90  
  173.00     5.50    173.00     4.00    173.00     3.00  
  174.00     5.50    174.00     4.10    174.00     3.10  
  175.00     5.40    175.00     4.10    175.00     3.10  
  176.00     5.40    176.00     3.90    176.00     3.10  
  177.00     5.40    177.00     4.10    177.00     3.10  
  178.00     5.40    178.00     4.10    178.00     3.20  
  179.00     5.30    179.00     4.10    179.00     3.10  
  180.00     5.30    180.00     4.20    180.00     3.00  
  181.00     5.40    181.00     3.80    181.00     2.70  
  182.00     5.70    182.00     4.10    182.00     2.90  
  183.00     5.40    183.00     4.10    183.00     2.90  
  184.00     5.90    184.00     4.10    184.00     3.00  
  185.00     5.50    185.00     4.10    185.00     3.00  
  186.00     5.50    186.00     4.00    186.00     3.10  
  187.00     5.60    187.00     4.00    187.00     3.10  
  188.00     5.60    188.00     3.90    188.00     3.10  
  189.00     5.60    189.00     4.10    189.00     3.00  
  190.00     5.80    190.00     4.10    190.00     2.90  
  191.00     5.80    191.00     4.10    191.00     2.90  
  192.00     5.80    192.00     4.10    192.00     2.90  
  193.00     5.90    193.00     4.00    193.00     3.00  
  194.00     5.90    194.00     4.10    194.00     3.10  
  195.00     5.90    195.00     4.10    195.00     3.10  
  196.00     5.90    196.00     4.00    196.00     3.10  
  197.00     5.90    197.00     4.00    197.00     3.00  
  198.00     5.90    198.00     4.00    198.00     3.10  
  199.00     6.00    199.00     4.10    199.00     3.00  
  200.00     5.90    200.00     4.10    200.00     2.90  
  201.00     5.90    201.00     4.10    201.00     2.90  
  202.00     5.90    202.00     4.10    202.00     2.80  
  203.00     5.60    203.00     4.10    203.00     2.90  
  204.00     5.70    204.00     4.10    204.00     2.90  
  205.00     5.70    205.00     4.10    205.00     3.10  
  206.00     5.70    206.00     4.10    206.00     3.10  
  207.00     5.80    207.00     3.90    207.00     3.10  
  208.00     5.80    208.00     4.00    208.00     3.30  
  209.00     5.80    209.00     3.60    209.00     2.70  
  210.00     5.60    210.00     4.10    210.00     2.90  
  211.00     5.50    211.00     4.10    211.00     2.80  
  212.00     5.50    212.00     4.00    212.00     2.80  
  213.00     5.40    213.00     4.10    213.00     2.80  
  214.00     5.40    214.00     4.00    214.00     2.90  
  215.00     5.40    215.00     4.00    215.00     3.00  
  216.00     5.40    216.00     3.90    216.00     3.00  
  217.00     5.40    217.00     4.00    217.00     3.00  
  218.00     5.40    218.00     3.90    218.00     3.10  
  219.00     5.30    219.00     4.10    219.00     3.00  
  220.00     5.30    220.00     4.20    220.00     2.80  
  221.00     5.60    221.00     4.10    221.00     2.90  
  222.00     5.70    222.00     4.10    222.00     2.70  
  223.00     5.50    223.00     4.10    223.00     2.80  
  224.00     5.40    224.00     4.00    224.00     2.90  
  225.00     5.50    225.00     3.90    225.00     3.00  
  226.00     5.50    226.00     4.10    226.00     3.00  
  227.00     5.70    227.00     4.00    227.00     3.10  
  228.00     5.80    228.00     4.00    228.00     3.10  
  229.00     5.80    229.00     4.10    229.00     3.00  
  230.00     5.80    230.00     4.20    230.00     2.90  
  231.00     5.90    231.00     4.20    231.00     2.90  
  232.00     5.90    232.00     4.20    232.00     2.90  
  233.00     5.90    233.00     4.20    233.00     2.90  
  234.00     5.90    234.00     4.10    234.00     3.00  
  235.00     5.90    235.00     4.10    235.00     3.00  
  236.00     5.90    236.00     4.10    236.00     3.00  
  237.00     5.90    237.00     4.10    237.00     3.10  
  238.00     5.90    238.00     4.10    238.00     3.10  
  239.00     5.90    239.00     4.10    239.00     3.00  
  240.00     5.90    240.00     4.10    240.00     3.00  
  241.00     5.90    241.00     4.20    241.00     2.90  
  242.00     5.60    242.00     4.20    242.00     2.90  
  243.00     5.70    243.00     4.10    243.00     2.90  
  244.00     5.90    244.00     4.10    244.00     2.90  
  245.00     5.90    245.00     4.10    245.00     3.00  
  246.00     5.90    246.00     4.10    246.00     3.00  
  247.00     5.80    247.00     4.10    247.00     3.10  
  248.00     5.60    248.00     4.10    248.00     3.10  
  249.00     5.50    249.00     4.10    249.00     3.10  
  250.00     5.50    250.00     4.10    250.00     3.10  
  251.00     5.50    251.00     4.20    251.00     3.00  
  252.00     5.40    252.00     4.10    252.00     2.90  
  253.00     5.40    253.00     4.20    253.00     2.90  
  254.00     5.40    254.00     4.20    254.00     2.90  
  255.00     5.40    255.00     4.10    255.00     3.00  
  256.00     5.30    256.00     4.10    256.00     3.10  
  257.00     5.40    257.00     4.10    257.00     3.00  
  258.00     5.70    258.00     4.10    258.00     3.10  
  259.00     5.50    259.00     4.10    259.00     3.10  
  260.00     5.50    260.00     4.00    260.00     3.00  
  261.00     5.60    261.00     4.20    261.00     2.90  
  262.00     5.60    262.00     4.20    262.00     2.90  
  263.00     5.60    263.00     4.10    263.00     2.80  
  264.00     5.70    264.00     4.20    264.00     3.00  
  265.00     5.80    265.00     4.10    265.00     2.90  
  266.00     5.80    266.00     4.10    266.00     3.00  
  267.00     5.90    267.00     4.10    267.00     3.00  
  268.00     5.90    268.00     3.90    268.00     3.10  
  269.00     6.00    269.00     3.90    269.00     3.10  
  270.00     5.90    270.00     3.90    270.00     3.10  
  271.00     5.90    271.00     4.10    271.00     3.00  
  272.00     5.90    272.00     4.20    272.00     2.90  
  273.00     5.90    273.00     4.10    273.00     2.80  
  274.00     6.00    274.00     4.20    274.00     2.90  
  275.00     5.90    275.00     4.10    275.00     2.90  
  276.00     5.90    276.00     4.00    276.00     2.90  
  277.00     5.90    277.00     4.10    277.00     3.00  
  278.00     5.70    278.00     4.10    278.00     3.00  
  279.00     5.70    279.00     4.20    279.00     3.10  
  280.00     5.70    280.00     4.10    280.00     3.00  
  281.00     5.80    281.00     4.20    281.00     3.00  
  282.00     5.90    282.00     4.20    282.00     2.90  
  283.00     5.90    283.00     4.10    283.00     2.80  
  284.00     5.60    284.00     4.10    284.00     2.80  
  285.00     5.80    285.00     4.10    285.00     2.90  
  286.00     5.60    286.00     4.00    286.00     3.00  
  287.00     5.50    287.00     4.10    287.00     3.00  
  288.00     5.50    288.00     4.00    288.00     3.10  
  289.00     5.40    289.00     4.00    289.00     3.10  
  290.00     5.30    290.00     4.10    290.00     3.10  
  291.00     5.40    291.00     4.10    291.00     3.00  
  292.00     5.30    292.00     4.20    292.00     2.90  
  293.00     5.80    293.00     4.20    293.00     2.90  
  294.00     5.80    294.00     4.20    294.00     2.90  
  295.00     5.40    295.00     4.20    295.00     3.00  
  296.00     5.80    296.00     4.10    296.00     3.10  
  297.00     5.50    297.00     4.10    297.00     3.00  
  298.00     5.50    298.00     4.10    298.00     3.10  
  299.00     5.50    299.00     4.00    299.00     3.00  
  300.00     5.50    300.00     4.10    300.00     3.10  
  301.00     5.50    301.00     4.10    301.00     3.00  
  302.00     5.60    302.00     4.20    302.00     3.00  
  303.00     5.80    303.00     4.20    303.00     3.00  
  304.00     5.80    304.00     4.10    304.00     2.90  
  305.00     5.90    305.00     4.10    305.00     2.80  
  306.00     5.90    306.00     3.80    306.00     2.80  
  307.00     6.00    307.00     4.10    307.00     3.00  
  308.00     6.00    308.00     4.10    308.00     3.10  
  309.00     5.90    309.00     4.10    309.00     3.10  
  310.00     5.90    310.00     4.10    310.00     3.10  
  311.00     5.90    311.00     4.20    311.00     3.00  
  312.00     5.90    312.00     4.20    312.00     3.00  
  313.00     5.90    313.00     4.20    313.00     2.90  
  314.00     5.90    314.00     4.20    314.00     2.90  
  315.00     5.90    315.00     4.20    315.00     2.90  
  316.00     5.50    316.00     4.10    316.00     3.00  
  317.00     5.90    317.00     4.10    317.00     3.10  
  318.00     5.60    318.00     4.10    318.00     3.10  
  319.00     5.80    319.00     4.00    319.00     3.20  
  320.00     5.80    320.00     4.00    320.00     3.10  
  321.00     5.80    321.00     4.10    321.00     3.10  
  322.00     5.60    322.00     4.20    322.00     2.90  
  323.00     5.50    323.00     4.20    323.00     2.90  
  324.00     5.50    324.00     4.20    324.00     2.90  
  325.00     5.40    325.00     4.10    325.00     2.80  
  326.00     5.40    326.00     4.10    326.00     3.00  
  327.00     5.40    327.00     4.10    327.00     3.10  
  328.00     5.40    328.00     4.10    328.00     3.00  
  329.00     5.40    329.00     4.00    329.00     3.10  
  330.00     5.40    330.00     4.00    330.00     3.10  
  331.00     5.30    331.00     4.00    331.00     3.10  
  332.00     5.40    332.00     4.10    332.00     3.00  
  333.00     5.30    333.00     4.20    333.00     3.00  
  334.00     5.70    334.00     4.20    334.00     3.00  
  335.00     5.60    335.00     4.10    335.00     2.90  
  336.00     5.40    336.00     4.10    336.00     2.90  
  337.00     5.40    337.00     4.10    337.00     2.90  
  338.00     5.60    338.00     4.10    338.00     2.90  
  339.00     5.60    339.00     4.10    339.00     3.10  
  340.00     5.70    340.00     4.00    340.00     3.00  
  341.00     5.80    341.00     4.00    341.00     2.90  
  342.00     5.80    342.00     4.00    342.00     2.90  
  343.00     5.90    343.00     3.90    343.00     2.70  
  344.00     6.00    344.00     4.00    344.00     2.70  
  345.00     5.90    345.00     3.90    345.00     2.80  
  346.00     6.00    346.00     3.90    346.00     2.80  
  347.00     5.90    347.00     4.00    347.00     2.90  
  348.00     5.90    348.00     3.90    348.00     2.90  
  349.00     5.90    349.00     3.90    349.00     2.90  
  350.00     5.90    350.00     3.90    350.00     3.00  
  351.00     5.90    351.00     3.80    351.00     3.00  
  352.00     5.90    352.00     4.00    352.00     2.90  
  353.00     5.90    353.00     4.00    353.00     2.90  
  354.00     5.90    354.00     4.10    354.00     2.80  
  355.00     5.90    355.00     4.00    355.00     2.80  
  356.00     5.60    356.00     3.90    356.00     2.80  
  357.00     5.70    357.00     3.90    357.00     2.90  
  358.00     5.80    358.00     4.00    358.00     2.90  
  359.00     5.80    359.00     4.00    359.00     3.00  
  360.00     5.60    360.00     4.00    360.00     3.00  
  361.00     5.50    361.00     4.00    361.00     3.00  
  362.00     5.50    362.00     4.10    362.00     3.10  
  363.00     5.50    363.00     4.10    363.00     2.90  
  364.00     5.40    364.00     4.10    364.00     2.80  
  365.00     5.40    365.00     4.10    365.00     2.80  
  366.00     5.40    366.00     4.10    366.00     2.90  
  367.00     5.30    367.00     4.10    367.00     2.90  
  368.00     5.30    368.00     4.10    368.00     2.90  
  369.00     5.30    369.00     4.10    369.00     2.90  
  370.00     5.90    370.00     3.90    370.00     3.00  
  371.00     5.50    371.00     4.00    371.00     3.00  
  372.00     5.40    372.00     3.90    372.00     3.00  
  373.00     5.40    373.00     4.10    373.00     2.90  
  374.00     5.40    374.00     4.10    374.00     3.00  
  375.00     5.40    375.00     4.10    375.00     2.80  
  376.00     5.40    376.00     4.10    376.00     2.90  
  377.00     5.70    377.00     4.10    377.00     3.00  
  378.00     5.70    378.00     4.00    378.00     2.90  
  379.00     5.80    379.00     4.10    379.00     3.00  
  380.00     5.90    380.00     4.00    380.00     3.10  
  381.00     6.00    381.00     4.00    381.00     3.10  
  382.00     6.00    382.00     4.10    382.00     3.00  
  383.00     5.90    383.00     4.20    383.00     2.90  
  384.00     5.90    384.00     4.20    384.00     2.90  
  385.00     5.90    385.00     4.20    385.00     2.90  
  386.00     5.90    386.00     4.10    386.00     2.90  
  387.00     5.90    387.00     4.10    387.00     2.90  
  388.00     5.90    388.00     4.10    388.00     3.00  
  389.00     5.90    389.00     4.10    389.00     3.00  
  390.00     5.90    390.00     4.10    390.00     3.10  
  391.00     5.90    391.00     3.90    391.00     3.10  
  392.00     5.60    392.00     4.00    392.00     3.10  
  393.00     5.80    393.00     4.10    393.00     3.00  
  394.00     5.70    394.00     4.20    394.00     3.00  
  395.00     5.60    395.00     4.20    395.00     2.90  
  396.00     5.50    396.00     4.20    396.00     2.90  
  397.00     5.50    397.00     4.10    397.00     2.90  
  398.00     5.50    398.00     4.10    398.00     2.90  
  399.00     5.50    399.00     4.10    399.00     3.00  
  400.00     5.50    400.00     4.10    400.00     3.10  
  401.00     5.50    401.00     4.10    401.00     3.10  
  402.00     5.40    402.00     4.10    402.00     3.10  
  403.00     5.40    403.00     4.00    403.00     3.00  
  404.00     5.40    404.00     4.20    404.00     3.00  
  405.00     5.40    405.00     4.20    405.00     2.90  
  406.00     5.40    406.00     4.10    406.00     2.90  
  407.00     5.40    407.00     4.10    407.00     2.80  
  408.00     5.40    408.00     4.10    408.00     3.00  
  409.00     5.40    409.00     4.10    409.00     3.10  
  410.00     5.40    410.00     4.10    410.00     3.10  
  411.00     5.40    411.00     4.10    411.00     3.10  
  412.00     5.50    412.00     4.00    412.00     3.10  
  413.00     5.70    413.00     4.10    413.00     3.10  
  414.00     5.80    414.00     4.20    414.00     3.00  
  415.00     5.80    415.00     4.20    415.00     3.00  
  416.00     5.90    416.00     4.20    416.00     2.90  
  417.00     5.90    417.00     4.10    417.00     2.90  
  418.00     5.90    418.00     4.10    418.00     2.90  
  419.00     6.00    419.00     4.10    419.00     3.00  
  420.00     6.00    420.00     4.10    420.00     3.10  
  421.00     6.00    421.00     4.10    421.00     3.10  
  422.00     5.90    422.00     3.90    422.00     3.20  
  423.00     5.90    423.00     4.10    423.00     3.10  
  424.00     5.90    424.00     4.20    424.00     3.00  
  425.00     5.90    425.00     4.20    425.00     2.90  
  426.00     5.70    426.00     4.20    426.00     2.90  
  427.00     5.80    427.00     4.20    427.00     2.90  
  428.00     5.80    428.00     4.10    428.00     2.90  
  429.00     5.60    429.00     4.10    429.00     3.00  
  430.00     5.80    430.00     4.20    430.00     3.00  
  431.00     5.90    431.00     4.10    431.00     3.10  
  432.00     5.90    432.00     4.00    432.00     3.10  
  433.00     5.90    433.00     4.10    433.00     3.10  
  434.00     5.80    434.00     4.10    434.00     3.10  
  435.00     5.60    435.00     4.20    435.00     2.90  
  436.00     5.50    436.00     4.10    436.00     2.90  
  437.00     5.50    437.00     4.20    437.00     3.00  
  438.00     5.40    438.00     4.10    438.00     3.00  
  439.00     5.50    439.00     4.10    439.00     3.00  
  440.00     5.40    440.00     4.20    440.00     3.00  
  441.00     5.40    441.00     4.10    441.00     3.10  
  442.00     5.40    442.00     4.00    442.00     3.10  
  443.00     5.40    443.00     4.10    443.00     3.10  
  444.00     5.40    444.00     4.20    444.00     3.10  
  445.00     5.40    445.00     4.20    445.00     2.90  
  446.00     5.40    446.00     4.20    446.00     2.90  
  447.00     5.40    447.00     4.20    447.00     2.90  
  448.00     5.40    448.00     4.20    448.00     3.00  
  449.00     5.50    449.00     4.10    449.00     3.00  
  450.00     5.60    450.00     4.10    450.00     3.10  
  451.00     5.70    451.00     4.10    451.00     3.10  
  452.00     5.80    452.00     4.00    452.00     3.20  
  453.00     5.90    453.00     3.90    453.00     3.10  
  454.00     5.90    454.00     4.10    454.00     3.10  
  455.00     6.00    455.00     4.20    455.00     3.10  
  456.00     5.90    456.00     4.20    456.00     2.90  
  457.00     5.90    457.00     4.20    457.00     2.90  
  458.00     5.90    458.00     4.20    458.00     2.90  
  459.00     5.90    459.00     4.10    459.00     3.10  
  460.00     5.90    460.00     4.20    460.00     3.10  
  461.00     5.70    461.00     4.10    461.00     3.10  
  462.00     5.60    462.00     4.10    462.00     3.10  
  463.00     5.90    463.00     4.10    463.00     3.10  
  464.00     5.60    464.00     4.10    464.00     3.10  
  465.00     5.80    465.00     4.20    465.00     3.00  
  466.00     5.80    466.00     4.20    466.00     3.00  
  467.00     5.40    467.00     4.20    467.00     2.90  
  468.00     5.80    468.00     4.20    468.00     3.00  
  469.00     5.80    469.00     4.00    469.00     3.00  
  470.00     5.80    470.00     4.10    470.00     3.10  
  471.00     5.80    471.00     4.20    471.00     3.10  
  472.00     5.60    472.00     4.10    472.00     3.10  
  473.00     5.60    473.00     4.10    473.00     3.00  
  474.00     5.50    474.00     4.20    474.00     3.10  
  475.00     5.50    475.00     4.20    475.00     2.90  
  476.00     5.50    476.00     4.30    476.00     2.90  
  477.00     5.40    477.00     4.20    477.00     2.80  
  478.00     5.70    478.00     4.10    478.00     2.90  
  479.00     5.60    479.00     4.10    479.00     3.00  
  480.00     5.50    480.00     4.10    480.00     3.10  
  481.00     5.50    481.00     4.10    481.00     3.10  
  482.00     5.40    482.00     4.10    482.00     3.10  
  483.00     5.40    483.00     4.10    483.00     3.20  
  484.00     5.30    484.00     4.10    484.00     3.20  
  485.00     5.40    485.00     4.00    485.00     3.10  
  486.00     5.50    486.00     4.20    486.00     3.00  
  487.00     5.60    487.00     4.20    487.00     3.00  
  488.00     5.80    488.00     4.20    488.00     2.80  
  489.00     5.80    489.00     4.20    489.00     2.80  
  490.00     5.80    490.00     4.20    490.00     3.00  
  491.00     5.90    491.00     4.20    491.00     3.00  
  492.00     6.00    492.00     4.10    492.00     3.10  
  493.00     6.00    493.00     4.10    493.00     3.20  
  494.00     6.00    494.00     4.10    494.00     3.20  
  495.00     5.90    495.00     4.20    495.00     3.10  
  496.00     6.00    496.00     4.10    496.00     3.00  
  497.00     5.90    497.00     4.20    497.00     2.90  
  498.00     5.90    498.00     4.20    498.00     3.00  
  499.00     5.90    499.00     4.20    499.00     3.00  
  500.00     5.80    500.00     4.10    500.00     3.00  
  501.00     5.40    501.00     4.10    501.00     3.20  
  502.00     5.90    502.00     4.20    502.00     3.10  
  503.00     5.80    503.00     4.10    503.00     3.10  
  504.00     5.90    504.00     4.20    504.00     3.10  
  505.00     5.90    505.00     4.20    505.00     3.00  
  506.00     5.90    506.00     4.10    506.00     3.00  
  507.00     5.90    507.00     4.30    507.00     3.00  
  508.00     5.90    508.00     4.20    508.00     2.80  
  509.00     5.70    509.00     4.10    509.00     3.00  
  510.00     5.50    510.00     4.10    510.00     3.00  
  511.00     5.80    511.00     4.20    511.00     3.10  
  512.00     5.60    512.00     4.10    512.00     3.10  
  513.00     5.50    513.00     4.00    513.00     3.10  
  514.00     5.40    514.00     4.10    514.00     3.10  
  515.00     5.40    515.00     4.20    515.00     3.10  
  516.00     5.40    516.00     4.30    516.00     3.00  
  517.00     5.30    517.00     4.20    517.00     2.90  
  518.00     5.40    518.00     4.00    518.00     2.90  
  519.00     5.30    519.00     4.00    519.00     2.90  
  520.00     5.30    520.00     4.10    520.00     2.90  
  521.00     5.40    521.00     4.20    521.00     3.10  
  522.00     5.30    522.00     4.10    522.00     3.10  
  523.00     5.40    523.00     4.10    523.00     3.10  
  524.00     5.50    524.00     4.10    524.00     3.10  
  525.00     5.70    525.00     4.10    525.00     3.10  
  526.00     5.80    526.00     4.20    526.00     3.10  
  527.00     5.80    527.00     4.30    527.00     3.00  
  528.00     6.00    528.00     4.20    528.00     3.00  
  529.00     6.00    529.00     4.20    529.00     2.90  
  530.00     6.00    530.00     4.20    530.00     3.00  
  531.00     6.00    531.00     4.20    531.00     3.10  
  532.00     6.00    532.00     4.10    532.00     3.10  
  533.00     6.00    533.00     4.10    533.00     3.10  
  534.00     5.90    534.00     4.10    534.00     3.10  
  535.00     5.90    535.00     4.10    535.00     3.10  
  536.00     5.90    536.00     4.30    536.00     3.00  
  537.00     5.60    537.00     4.30    537.00     2.90  
  538.00     5.80    538.00     4.20    538.00     2.90  
  539.00     5.90    539.00     4.10    539.00     2.90  
  540.00     5.90    540.00     4.10    540.00     2.90  
  541.00     5.60    541.00     4.10    541.00     3.00  
  542.00     5.90    542.00     4.10    542.00     3.10  
  543.00     5.90    543.00     4.10    543.00     3.10  
  544.00     5.90    544.00     4.10    544.00     3.20  
  545.00     5.90    545.00     4.10    545.00     3.10  
  546.00     5.90    546.00     4.20    546.00     3.10  
  547.00     5.90    547.00     4.20    547.00     3.00  
  548.00     5.60    548.00     4.20    548.00     2.90  
  549.00     5.60    549.00     4.10    549.00     3.00  
  550.00     5.50    550.00     4.20    550.00     2.90  
  551.00     5.40    551.00     4.20    551.00     3.00  
  552.00     5.40    552.00     4.10    552.00     3.10  
  553.00     5.50    553.00     4.10    553.00     3.10  
  554.00     5.70    554.00     4.10    554.00     3.20  
  555.00     5.50    555.00     4.10    555.00     3.20  
  556.00     5.40    556.00     4.20    556.00     3.20  
  557.00     5.40    557.00     4.20    557.00     3.10  
  558.00     5.40    558.00     4.20    558.00     3.00  
  559.00     5.40    559.00     4.20    559.00     2.90  
  560.00     5.40    560.00     4.10    560.00     2.90  
  561.00     5.50    561.00     4.10    561.00     3.10  
  562.00     5.70    562.00     4.10    562.00     3.10  
  563.00     5.80    563.00     4.20    563.00     3.10  
  564.00     5.80    564.00     4.10    564.00     3.20  
  565.00     5.80    565.00     4.10    565.00     3.20  
  566.00     5.90    566.00     4.00    566.00     3.10  
  567.00     6.00    567.00     4.30    567.00     3.00  
  568.00     6.00    568.00     4.30    568.00     2.90  
  569.00     5.90    569.00     4.20    569.00     2.90  
  570.00     6.00    570.00     4.20    570.00     3.00  
  571.00     5.90    571.00     4.10    571.00     3.00  
  572.00     5.90    572.00     4.10    572.00     3.10  
  573.00     5.90    573.00     4.20    573.00     3.10  
  574.00     5.90    574.00     4.10    574.00     3.10  
  575.00     5.50    575.00     4.10    575.00     3.10  
  576.00     5.90    576.00     4.10    576.00     3.10  
  577.00     5.40    577.00     4.20    577.00     3.10  
  578.00     5.90    578.00     4.20    578.00     2.90  
  579.00     5.90    579.00     4.10    579.00     2.90  
  580.00     5.80    580.00     4.20    580.00     3.00  
  581.00     5.90    581.00     4.20    581.00     3.00  
  582.00     5.90    582.00     4.20    582.00     3.00  
  583.00     5.90    583.00     4.20    583.00     3.10  
  584.00     5.70    584.00     4.10    584.00     3.10  
  585.00     5.50    585.00     4.10    585.00     3.20  
  586.00     5.50    586.00     4.00    586.00     3.10  
  587.00     5.50    587.00     4.20    587.00     3.00  
  588.00     5.40    588.00     4.30    588.00     2.90  
  589.00     5.40    589.00     4.30    589.00     2.90  
  590.00     5.30    590.00     4.20    590.00     2.90  
  591.00     5.30    591.00     4.20    591.00     2.90  
  592.00     5.30    592.00     4.20    592.00     3.00  
  593.00     5.30    593.00     4.20    593.00     3.00  
  594.00     5.30    594.00     4.20    594.00     3.10  
  595.00     5.40    595.00     4.00    595.00     3.10  
  596.00     5.40    596.00     4.10    596.00     3.10  
  597.00     5.40    597.00     4.20    597.00     3.10  
  598.00     5.40    598.00     4.20    598.00     2.90  
  599.00     5.60    599.00     4.40    599.00     2.90  
  600.00     5.80    600.00     4.10    600.00     2.90  
  601.00     5.80    601.00     4.20    601.00     3.00  
  602.00     5.80    602.00     4.10    602.00     3.00  
  603.00     5.90    603.00     4.20    603.00     3.10  
  604.00     6.00    604.00     4.20    604.00     3.20  
  605.00     6.00    605.00     4.10    605.00     3.20  
  606.00     5.90    606.00     4.10    606.00     3.10  
  607.00     5.90    607.00     4.20    607.00     3.10  
  608.00     5.90    608.00     4.20    608.00     3.00  
  609.00     5.90    609.00     4.20    609.00     2.90  
  610.00     5.90    610.00     4.20    610.00     2.90  
  611.00     5.40    611.00     4.20    611.00     2.90  
  612.00     5.90    612.00     4.20    612.00     3.00  
  613.00     5.90    613.00     4.20    613.00     3.00  
  614.00     6.00    614.00     4.20    614.00     3.00  
  615.00     5.70    615.00     4.20    615.00     3.10  
  616.00     5.80    616.00     4.10    616.00     3.20  
  617.00     6.00    617.00     4.10    617.00     3.20  
  618.00     5.50    618.00     4.20    618.00     3.10  
  619.00     5.80    619.00     4.20    619.00     3.00  
  620.00     5.80    620.00     4.20    620.00     2.90  
  621.00     5.80    621.00     4.20    621.00     2.90  
  622.00     5.50    622.00     4.20    622.00     3.10  
  623.00     5.50    623.00     4.10    623.00     3.10  
  624.00     5.40    624.00     4.10    624.00     3.10  
  625.00     5.40    625.00     4.10    625.00     3.10  
  626.00     5.30    626.00     4.10    626.00     3.10  
  627.00     5.30    627.00     3.70    627.00     2.60  
  628.00     5.30    628.00     4.10    628.00     3.00  
  629.00     5.30    629.00     4.20    629.00     2.90  
  630.00     5.30    630.00     4.20    630.00     2.90  
  631.00     5.30    631.00     4.20    631.00     2.90  
  632.00     5.30    632.00     4.10    632.00     2.90  
  633.00     5.30    633.00     4.10    633.00     3.00  
  634.00     5.30    634.00     4.10    634.00     3.00  
  635.00     5.30    635.00     4.10    635.00     3.10  
  636.00     5.70    636.00     4.00    636.00     3.10  
  637.00     5.50    637.00     4.00    637.00     3.10  
  638.00     5.50    638.00     4.10    638.00     3.00  
  639.00     5.80    639.00     4.20    639.00     2.80  
  640.00     5.90    640.00     4.20    640.00     2.70  
  641.00     5.90    641.00     4.20    641.00     2.90  
  642.00     6.00    642.00     4.10    642.00     3.00  
  643.00     6.00    643.00     4.10    643.00     3.00  
  644.00     5.90    644.00     4.10    644.00     3.00  
  645.00     5.90    645.00     4.10    645.00     3.10  
  646.00     5.90    646.00     4.00    646.00     3.10  
  647.00     5.80    647.00     4.00    647.00     3.10  
  648.00     5.50    648.00     4.10    648.00     3.10  
  649.00     5.90    649.00     4.10    649.00     3.00  
  650.00     6.00    650.00     4.20    650.00     2.90  
  651.00     5.40    651.00     4.20    651.00     2.90  
  652.00     5.90    652.00     4.10    652.00     2.90  
  653.00     6.00    653.00     4.00    653.00     2.90  
  654.00     5.90    654.00     4.10    654.00     2.90  
  655.00     5.90    655.00     4.10    655.00     3.00  
  656.00     5.50    656.00     4.10    656.00     3.10  
  657.00     5.90    657.00     4.10    657.00     3.10  
  658.00     5.90    658.00     4.10    658.00     3.00  
  659.00     5.70    659.00     4.20    659.00     2.90  
  660.00     5.50    660.00     4.20    660.00     2.90  
  661.00     5.40    661.00     4.10    661.00     2.90  
  662.00     5.40    662.00     4.10    662.00     2.90  
  663.00     5.40    663.00     4.10    663.00     3.00  
  664.00     5.30    664.00     4.10    664.00     3.00  
  665.00     5.30    665.00     4.10    665.00     3.00  
  666.00     5.30    666.00     4.10    666.00     3.30  
  667.00     5.30    667.00     4.00    667.00     3.10  
  668.00     5.30    668.00     3.90    668.00     3.10  
  669.00     5.30    669.00     4.10    669.00     3.00  
  670.00     5.30    670.00     4.10    670.00     2.90  
  671.00     5.40    671.00     4.20    671.00     2.90  
  672.00     5.50    672.00     4.10    672.00     2.90  
  673.00     5.60    673.00     4.10    673.00     2.90  
  674.00     5.70    674.00     4.10    674.00     3.00  
  675.00     5.70    675.00     4.10    675.00     3.10  
  676.00     5.80    676.00     4.10    676.00     3.10  
  677.00     5.90    677.00     4.00    677.00     3.20  
  678.00     6.00    678.00     4.20    678.00     3.10  
  679.00     6.00    679.00     4.20    679.00     3.00  
  680.00     6.00    680.00     4.10    680.00     2.90  
  681.00     6.00    681.00     4.10    681.00     2.90  
  682.00     5.90    682.00     4.10    682.00     2.90  
  683.00     5.90    683.00     4.10    683.00     2.90  
  684.00     5.90    684.00     4.10    684.00     2.90  
  685.00     5.90    685.00     4.10    685.00     3.00  
  686.00     5.90    686.00     4.10    686.00     3.00  
  687.00     5.90    687.00     4.00    687.00     3.20  
  688.00     5.70    688.00     4.00    688.00     3.10  
  689.00     5.70    689.00     4.10    689.00     3.10  
  690.00     6.00    690.00     4.20    690.00     3.00  
  691.00     5.90    691.00     4.10    691.00     2.90  
  692.00     5.50    692.00     4.10    692.00     2.90  
  693.00     5.90    693.00     4.10    693.00     2.90  
  694.00     5.90    694.00     4.10    694.00     3.00  
  695.00     5.90    695.00     4.10    695.00     3.00  
  696.00     5.70    696.00     4.10    696.00     3.10  
  697.00     5.50    697.00     3.90    697.00     3.20  
  698.00     5.40    698.00     4.00    698.00     3.10  
  699.00     5.40    699.00     4.10    699.00     3.00  
  700.00     5.40    700.00     4.10    700.00     2.90  
  701.00     5.30    701.00     4.10    701.00     2.80  
  702.00     5.40    702.00     4.10    702.00     2.90  
  703.00     5.30    703.00     4.10    703.00     2.90  
  704.00     5.30    704.00     4.10    704.00     2.90  
  705.00     5.20    705.00     4.10    705.00     3.00  
  706.00     5.30    706.00     4.10    706.00     3.00  
  707.00     5.30    707.00     4.00    707.00     3.10  
  708.00     5.30    708.00     3.90    708.00     3.20  
  709.00     5.40    709.00     4.00    709.00     3.10  
  710.00     5.40    710.00     4.10    710.00     3.00  
  711.00     5.40    711.00     4.20    711.00     3.00  
  712.00     5.50    712.00     4.20    712.00     2.90  
  713.00     5.70    713.00     4.10    713.00     2.80  
  714.00     5.80    714.00     4.10    714.00     2.80  
  715.00     5.90    715.00     4.10    715.00     2.90  
  716.00     6.00    716.00     4.10    716.00     3.10  
  717.00     6.00    717.00     4.10    717.00     3.10  
  718.00     6.00    718.00     4.10    718.00     3.10  
  719.00     6.00    719.00     4.10    719.00     3.00  
  720.00     5.90    720.00     4.10    720.00     3.00  
  721.00     6.00    721.00     4.20    721.00     2.90  
  722.00     5.90    722.00     4.20    722.00     2.90  
  723.00     5.90    723.00     4.10    723.00     3.00  
  724.00     5.90    724.00     4.10    724.00     2.90  
  725.00     5.90    725.00     4.10    725.00     3.00  
  726.00     5.70    726.00     4.10    726.00     3.10  
  727.00     5.90    727.00     4.10    727.00     3.20  
  728.00     5.70    728.00     3.90    728.00     3.10  
  729.00     5.70    729.00     4.10    729.00     3.10  
  730.00     5.70    730.00     4.10    730.00     3.00  
  731.00     5.70    731.00     4.20    731.00     2.90  
  732.00     5.70    732.00     4.20    732.00     2.80  
  733.00     5.50    733.00     4.10    733.00     3.00  
  734.00     5.50    734.00     4.10    734.00     2.90  
  735.00     5.50    735.00     4.10    735.00     3.00  
  736.00     5.40    736.00     4.10    736.00     3.10  
  737.00     5.40    737.00     4.10    737.00     3.10  
  738.00     5.30    738.00     3.90    738.00     3.30  
  739.00     5.30    739.00     4.10    739.00     3.10  
  740.00     5.30    740.00     4.10    740.00     3.00  
  741.00     5.30    741.00     4.20    741.00     3.00  
  742.00     5.30    742.00     4.10    742.00     2.80  
  743.00     5.30    743.00     4.10    743.00     2.90  
  744.00     5.30    744.00     4.10    744.00     2.90  
  745.00     5.40    745.00     4.10    745.00     2.90  
  746.00     5.40    746.00     4.10    746.00     3.00  
  747.00     5.40    747.00     4.10    747.00     3.00  
  748.00     5.60    748.00     4.10    748.00     3.10  
  749.00     5.70    749.00     4.00    749.00     3.10  
  750.00     5.70    750.00     4.10    750.00     3.10  
  751.00     5.80    751.00     4.20    751.00     2.90  
  752.00     5.90    752.00     4.10    752.00     2.90  
  753.00     6.00    753.00     4.20    753.00     2.90  
  754.00     6.00    754.00     4.10    754.00     2.90  
  755.00     6.00    755.00     4.10    755.00     3.10  
  756.00     5.90    756.00     4.10    756.00     3.00  
  757.00     6.00    757.00     4.10    757.00     3.10  
  758.00     5.90    758.00     4.10    758.00     3.10  
  759.00     5.90    759.00     4.00    759.00     3.10  
  760.00     5.90    760.00     4.10    760.00     3.10  
  761.00     5.90    761.00     4.10    761.00     3.00  
  762.00     5.70    762.00     4.20    762.00     3.00  
  763.00     5.70    763.00     4.20    763.00     2.90  
  764.00     5.90    764.00     4.10    764.00     2.90  
  765.00     5.80    765.00     4.10    765.00     2.90  
  766.00     5.90    766.00     4.10    766.00     3.00  
  767.00     5.90    767.00     4.10    767.00     3.00  
  768.00     5.80    768.00     4.10    768.00     3.10  
  769.00     5.60    769.00     3.90    769.00     3.10  
  770.00     5.60    770.00     4.10    770.00     3.10  
  771.00     5.50    771.00     4.10    771.00     3.00  
  772.00     5.40    772.00     4.20    772.00     3.00  
  773.00     5.40    773.00     4.20    773.00     2.90  
  774.00     5.40    774.00     4.00    774.00     2.90  
  775.00     5.40    775.00     4.10    775.00     2.90  
  776.00     5.40    776.00     4.10    776.00     3.00  
  777.00     5.30    777.00     4.20    777.00     3.10  
  778.00     5.40    778.00     4.00    778.00     3.10  
  779.00     5.30    779.00     4.10    779.00     3.10  
  780.00     5.30    780.00     4.10    780.00     3.10  
  781.00     5.40    781.00     4.10    781.00     3.10  
  782.00     5.30    782.00     4.20    782.00     2.90  
  783.00     5.30    783.00     4.20    783.00     2.90  
  784.00     5.40    784.00     4.20    784.00     3.00  
  785.00     5.50    785.00     4.10    785.00     2.90  
  786.00     5.70    786.00     4.10    786.00     3.00  
  787.00     5.80    787.00     4.10    787.00     3.00  
  788.00     5.80    788.00     4.10    788.00     3.10  
  789.00     6.00    789.00     4.10    789.00     3.10  
  790.00     6.00    790.00     4.10    790.00     3.10  
  791.00     6.00    791.00     4.20    791.00     3.00  
  792.00     6.00    792.00     4.20    792.00     2.90  
  793.00     5.90    793.00     4.20    793.00     2.90  
  794.00     5.90    794.00     4.10    794.00     2.90  
  795.00     5.90    795.00     4.10    795.00     2.90  
  796.00     5.90    796.00     4.00    796.00     3.00  
  797.00     5.90    797.00     4.10    797.00     3.00  
  798.00     5.50    798.00     4.10    798.00     3.10  
  799.00     5.90    799.00     4.10    799.00     3.10  
  800.00     5.90    800.00     4.00    800.00     3.10  
  801.00     5.40    801.00     4.10    801.00     3.10  
  802.00     5.80    802.00     4.20    802.00     3.00  
  803.00     5.90    803.00     4.10    803.00     2.90  
  804.00     6.00    804.00     4.20    804.00     2.90  
  805.00     5.90    805.00     4.10    805.00     2.90  
  806.00     5.90    806.00     4.10    806.00     2.90  
  807.00     5.70    807.00     4.10    807.00     3.00  
  808.00     5.50    808.00     4.10    808.00     3.10  
  809.00     5.40    809.00     4.10    809.00     3.10  
  810.00     5.40    810.00     4.00    810.00     3.10  
  811.00     5.40    811.00     4.10    811.00     3.10  
  812.00     5.30    812.00     4.20    812.00     2.90  
  813.00     5.30    813.00     4.20    813.00     2.90  
  814.00     5.30    814.00     4.20    814.00     2.90  
  815.00     5.30    815.00     4.00    815.00     2.90  
  816.00     5.30    816.00     4.10    816.00     2.90  
  817.00     5.30    817.00     4.10    817.00     3.00  
  818.00     5.30    818.00     4.10    818.00     3.10  
  819.00     5.30    819.00     4.20    819.00     3.10  
  820.00     5.30    820.00     3.90    820.00     3.10  
  821.00     5.40    821.00     4.10    821.00     3.10  
  822.00     5.50    822.00     4.10    822.00     3.00  
  823.00     5.50    823.00     4.20    823.00     2.90  
  824.00     5.70    824.00     4.30    824.00     2.90  
  825.00     5.80    825.00     4.20    825.00     2.90  
  826.00     5.90    826.00     4.10    826.00     3.00  
  827.00     6.00    827.00     4.10    827.00     3.00  
  828.00     6.10    828.00     4.00    828.00     3.10  
  829.00     6.00    829.00     4.00    829.00     3.10  
  830.00     6.00    830.00     4.00    830.00     3.10  
  831.00     5.90    831.00     4.10    831.00     3.10  
  832.00     5.90    832.00     4.10    832.00     3.10  
  833.00     5.90    833.00     4.20    833.00     3.00  
  834.00     5.90    834.00     4.20    834.00     2.90  
  835.00     5.90    835.00     4.20    835.00     2.90  
  836.00     5.40    836.00     4.10    836.00     2.90  
  837.00     5.90    837.00     4.10    837.00     3.00  
  838.00     5.90    838.00     4.20    838.00     3.00  
  839.00     5.90    839.00     4.20    839.00     3.10  
  840.00     5.70    840.00     4.10    840.00     3.10  
  841.00     5.60    841.00     4.10    841.00     3.10  
  842.00     5.60    842.00     4.20    842.00     3.10  
  843.00     5.50    843.00     4.10    843.00     2.90  
  844.00     5.50    844.00     4.20    844.00     2.90  
  845.00     5.40    845.00     4.10    845.00     3.00  
  846.00     5.40    846.00     4.10    846.00     3.00  
  847.00     5.40    847.00     4.10    847.00     3.00  
  848.00     5.40    848.00     4.10    848.00     3.00  
  849.00     5.30    849.00     4.10    849.00     3.10  
  850.00     5.30    850.00     4.10    850.00     3.10  
  851.00     5.30    851.00     4.00    851.00     3.20  
  852.00     5.30    852.00     4.10    852.00     3.10  
  853.00     5.30    853.00     4.20    853.00     3.00  
  854.00     5.30    854.00     4.30    854.00     2.90  
  855.00     5.30    855.00     4.20    855.00     2.90  
  856.00     5.30    856.00     4.10    856.00     2.90  
  857.00     5.40    857.00     4.00    857.00     3.00  
  858.00     5.50    858.00     4.10    858.00     3.10  
  859.00     5.60    859.00     4.10    859.00     3.10  
  860.00     5.70    860.00     4.10    860.00     3.20  
  861.00     5.80    861.00     4.10    861.00     3.20  
  862.00     5.90    862.00     4.10    862.00     3.00  
  863.00     6.00    863.00     4.20    863.00     3.00  
  864.00     6.00    864.00     4.20    864.00     3.00  
  865.00     6.00    865.00     4.20    865.00     3.00  
  866.00     5.90    866.00     4.10    866.00     2.90  
  867.00     5.90    867.00     4.10    867.00     2.90  
  868.00     5.90    868.00     4.10    868.00     3.00  
  869.00     5.90    869.00     4.20    869.00     3.20  
  870.00     5.60    870.00     4.10    870.00     3.10  
  871.00     5.90    871.00     4.10    871.00     3.10  
  872.00     6.00    872.00     4.10    872.00     3.20  
  873.00     5.80    873.00     4.20    873.00     3.00  
  874.00     5.80    874.00     4.20    874.00     3.00  
  875.00     5.50    875.00     4.20    875.00     2.90  
  876.00     5.90    876.00     4.10    876.00     2.90  
  877.00     6.00    877.00     4.10    877.00     3.00  
  878.00     6.00    878.00     4.10    878.00     3.10  
  879.00     5.90    879.00     4.20    879.00     3.10  
  880.00     5.80    880.00     4.10    880.00     3.10  
  881.00     5.70    881.00     4.00    881.00     3.00  
  882.00     5.50    882.00     4.10    882.00     3.10  
  883.00     5.40    883.00     4.10    883.00     3.00  
  884.00     5.40    884.00     4.30    884.00     3.00  
  885.00     5.40    885.00     4.30    885.00     3.00  
  886.00     5.30    886.00     4.20    886.00     2.80  
  887.00     5.30    887.00     4.10    887.00     2.90  
  888.00     5.30    888.00     4.10    888.00     3.00  
  889.00     5.30    889.00     4.10    889.00     3.10  
  890.00     5.30    890.00     4.10    890.00     3.10  
  891.00     5.30    891.00     4.00    891.00     3.20  
  892.00     5.20    892.00     4.00    892.00     3.30  
  893.00     5.30    893.00     4.10    893.00     3.00  
  894.00     5.30    894.00     4.20    894.00     3.00  
  895.00     5.30    895.00     4.20    895.00     2.90  
  896.00     5.50    896.00     4.10    896.00     2.90  
  897.00     5.60    897.00     4.10    897.00     2.90  
  898.00     5.80    898.00     4.10    898.00     3.00  
  899.00     5.90    899.00     4.20    899.00     3.00  
  900.00     5.90    900.00     4.10    900.00     3.10  
  901.00     6.00    901.00     4.00    901.00     3.30  
  902.00     6.10    902.00     4.00    902.00     3.20  
  903.00     6.00    903.00     4.10    903.00     3.10  
  904.00     6.00    904.00     4.20    904.00     3.00  
  905.00     5.90    905.00     4.20    905.00     3.00  
  906.00     5.90    906.00     4.20    906.00     3.00  
  907.00     5.90    907.00     4.10    907.00     3.00  
  908.00     5.90    908.00     4.10    908.00     3.00  
  909.00     5.60    909.00     4.10    909.00     3.10  
  910.00     5.90    910.00     4.10    910.00     3.10  
  911.00     5.80    911.00     4.10    911.00     3.10  
  912.00     5.80    912.00     3.90    912.00     3.20  
  913.00     5.90    913.00     4.10    913.00     3.10  
  914.00     6.00    914.00     4.20    914.00     3.00  
  915.00     5.90    915.00     4.20    915.00     2.90  
  916.00     5.90    916.00     4.10    916.00     2.90  
  917.00     5.80    917.00     4.10    917.00     3.10  
  918.00     5.60    918.00     4.10    918.00     3.00  
  919.00     5.50    919.00     4.10    919.00     3.10  
  920.00     5.40    920.00     4.10    920.00     3.30  
  921.00     5.40    921.00     3.90    921.00     3.30  
  922.00     5.30    922.00     3.90    922.00     3.30  
  923.00     5.30    923.00     4.00    923.00     3.20  
  924.00     5.30    924.00     4.10    924.00     3.00  
  925.00     5.30    925.00     4.20    925.00     3.10  
  926.00     5.30    926.00     4.10    926.00     2.90  
  927.00     5.30    927.00     4.20    927.00     2.90  
  928.00     5.30    928.00     4.10    928.00     2.90  
  929.00     5.30    929.00     4.10    929.00     3.00  
  930.00     5.30    930.00     4.10    930.00     3.10  
  931.00     5.30    931.00     4.10    931.00     3.10  
  932.00     5.40    932.00     4.00    932.00     3.10  
  933.00     5.40    933.00     4.10    933.00     3.20  
  934.00     5.50    934.00     4.20    934.00     3.10  
  935.00     5.70    935.00     4.20    935.00     3.00  
  936.00     5.80    936.00     4.20    936.00     2.90  
  937.00     5.80    937.00     4.00    937.00     2.90  
  938.00     6.00    938.00     4.00    938.00     2.90  
  939.00     6.00    939.00     4.00    939.00     3.00  
  940.00     6.00    940.00     4.10    940.00     3.10  
  941.00     6.00    941.00     4.10    941.00     3.10  
  942.00     6.00    942.00     3.90    942.00     3.10  
  943.00     5.90    943.00     4.00    943.00     3.10  
  944.00     5.90    944.00     4.10    944.00     3.10  
  945.00     6.00    945.00     4.30    945.00     3.10  
  946.00     5.90    946.00     4.20    946.00     3.00  
  947.00     5.50    947.00     4.10    947.00     2.90  
  948.00     5.90    948.00     4.10    948.00     2.90  
  949.00     5.90    949.00     4.10    949.00     3.00  
  950.00     5.90    950.00     4.10    950.00     3.10  
  951.00     6.00    951.00     4.10    951.00     3.10  
  952.00     6.00    952.00     3.90    952.00     3.10  
  953.00     5.90    953.00     4.10    953.00     3.20  
  954.00     5.70    954.00     4.20    954.00     3.10  
  955.00     5.50    955.00     4.20    955.00     3.10  
  956.00     5.40    956.00     4.20    956.00     2.80  
  957.00     5.40    957.00     4.20    957.00     2.90  
  958.00     5.30    958.00     4.20    958.00     2.90  
  959.00     5.40    959.00     4.20    959.00     2.90  
  960.00     5.30    960.00     4.20    960.00     3.00  
  961.00     5.30    961.00     4.20    961.00     3.00  
  962.00     5.30    962.00     4.10    962.00     3.10  
  963.00     5.30    963.00     4.00    963.00     3.20  
  964.00     5.20    964.00     4.10    964.00     3.20  
  965.00     5.20    965.00     4.20    965.00     3.10  
  966.00     5.20    966.00     4.30    966.00     3.00  
  967.00     5.30    967.00     4.20    967.00     3.00  
  968.00     5.30    968.00     4.10    968.00     3.00  
  969.00     5.30    969.00     4.10    969.00     3.00  
  970.00     5.50    970.00     4.10    970.00     3.10  
  971.00     5.70    971.00     4.10    971.00     3.10  
  972.00     5.80    972.00     3.90    972.00     3.10  
  973.00     5.80    973.00     4.10    973.00     3.20  
  974.00     5.90    974.00     4.20    974.00     3.10  
  975.00     6.10    975.00     4.20    975.00     3.10  
  976.00     6.00    976.00     4.30    976.00     3.00  
  977.00     6.00    977.00     4.20    977.00     3.00  
  978.00     6.00    978.00     4.20    978.00     3.00  
  979.00     5.90    979.00     4.20    979.00     2.90  
  980.00     5.90    980.00     4.10    980.00     3.00  
  981.00     5.90    981.00     4.10    981.00     3.10  
  982.00     5.90    982.00     4.10    982.00     3.10  
  983.00     5.90    983.00     4.00    983.00     3.20  
  984.00     5.90    984.00     4.10    984.00     3.20  
  985.00     5.90    985.00     4.20    985.00     3.00  
  986.00     5.90    986.00     4.30    986.00     3.00  
  987.00     5.90    987.00     4.20    987.00     2.90  
  988.00     5.50    988.00     4.10    988.00     2.90  
  989.00     5.90    989.00     4.20    989.00     2.90  
  990.00     5.70    990.00     4.10    990.00     3.00  
  991.00     5.50    991.00     4.20    991.00     3.10  
  992.00     5.40    992.00     4.10    992.00     3.10  
  993.00     5.40    993.00     4.10    993.00     3.10  
  994.00     5.40    994.00     4.10    994.00     3.10  
  995.00     5.30    995.00     4.10    995.00     3.20  
  996.00     5.30    996.00     4.20    996.00     3.10  
  997.00     5.30    997.00     4.30    997.00     3.00  
  998.00     5.30    998.00     4.20    998.00     2.90  
  999.00     5.30    999.00     4.10    999.00     3.00  
 1000.00     5.30   1000.00     4.20   1000.00     3.00  
 1001.00     5.30   1001.00     4.10   1001.00     3.10  
 1002.00     5.30   1002.00     4.10   1002.00     3.10  
 1003.00     5.30   1003.00     3.90   1003.00     3.10  
 1004.00     5.30   1004.00     4.20   1004.00     3.10  
 1005.00     5.30   1005.00     4.20   1005.00     3.10  
 1006.00     5.40   1006.00     4.30   1006.00     3.00  
 1007.00     5.50   1007.00     4.20   1007.00     2.90  
 1008.00     5.70   1008.00     4.20   1008.00     2.90  
 1009.00     5.80   1009.00     4.10   1009.00     2.90  
 1010.00     5.80   1010.00     4.20   1010.00     3.00  
 1011.00     5.90   1011.00     4.20   1011.00     3.00  
 1012.00     6.00   1012.00     4.10   1012.00     3.00  
 1013.00     6.00   1013.00     4.10   1013.00     3.10  
 1014.00     6.00   1014.00     4.00   1014.00     3.10  
 1015.00     6.00   1015.00     4.10   1015.00     3.30  
 1016.00     5.90   1016.00     4.20   1016.00     3.00  
 1017.00     6.00   1017.00     4.30   1017.00     2.90  
 1018.00     5.90   1018.00     4.30   1018.00     2.90  
 1019.00     5.90   1019.00     4.20   1019.00     2.90  
 1020.00     5.90   1020.00     4.10   1020.00     2.90  
 1021.00     5.90   1021.00     4.20   1021.00     3.00  
 1022.00     5.90   1022.00     4.20   1022.00     3.00  
 1023.00     5.90   1023.00     4.10   1023.00     3.10  
 1024.00     6.00   1024.00     4.00   1024.00     3.10  
 1025.00     5.90   1025.00     4.00   1025.00     3.20  
 1026.00     5.40   1026.00     4.20   1026.00     3.00  
 1027.00     5.80   1027.00     4.30   1027.00     3.00  
 1028.00     5.80   1028.00     4.30   1028.00     2.90  
 1029.00     5.40   1029.00     4.20   1029.00     2.90  
 1030.00     5.40   1030.00     4.20   1030.00     2.90  
 1031.00     5.40   1031.00     4.20   1031.00     3.00  
 1032.00     5.30   1032.00     4.00   1032.00     3.00  
 1033.00     5.30   1033.00     4.00   1033.00     3.00  
 1034.00     5.30   1034.00     4.10   1034.00     3.10  
 1035.00     5.30   1035.00     4.10   1035.00     3.10  
 1036.00     5.20   1036.00     4.20   1036.00     3.10  
 1037.00     5.30   1037.00     4.20   1037.00     2.90  
 1038.00     5.30   1038.00     4.30   1038.00     2.90  
 1039.00     5.90   1039.00     4.10   1039.00     3.00  
 1040.00     5.40   1040.00     4.20   1040.00     2.90  
 1041.00     5.40   1041.00     4.10   1041.00     3.00  
 1042.00     5.30   1042.00     4.20   1042.00     3.00  
 1043.00     5.40   1043.00     4.20   1043.00     3.10  
 1044.00     5.70   1044.00     4.00   1044.00     3.10  
 1045.00     5.80   1045.00     4.10   1045.00     3.10  
 1046.00     5.90   1046.00     4.20   1046.00     3.10  
 1047.00     5.90   1047.00     4.20   1047.00     2.90  
 1048.00     6.00   1048.00     4.30   1048.00     2.90  
 1049.00     6.00   1049.00     4.20   1049.00     2.90  
 1050.00     6.00   1050.00     4.20   1050.00     2.90  
 1051.00     6.00   1051.00     4.20   1051.00     3.00  
 1052.00     6.00   1052.00     4.10   1052.00     3.00  
 1053.00     5.90   1053.00     4.10   1053.00     3.00  
 1054.00     5.90   1054.00     4.20   1054.00     3.10  
 1055.00     5.90   1055.00     4.10   1055.00     3.10  
 1056.00     5.90   1056.00     4.20   1056.00     3.20  
 1057.00     5.90   1057.00     4.20   1057.00     3.00  
 1058.00     5.90   1058.00     4.30   1058.00     3.00  
 1059.00     5.90   1059.00     4.20   1059.00     2.90  
 1060.00     5.40   1060.00     4.20   1060.00     2.90  
 1061.00     5.70   1061.00     4.10   1061.00     3.00  
 1062.00     5.80   1062.00     4.20   1062.00     3.00  
 1063.00     5.50   1063.00     4.20   1063.00     3.00  
 1064.00     5.40   1064.00     4.20   1064.00     3.10  
 1065.00     5.40   1065.00     4.10   1065.00     3.10  
 1066.00     5.40   1066.00     4.10   1066.00     3.10  
 1067.00     5.30   1067.00     4.20   1067.00     3.10  
 1068.00     5.30   1068.00     4.20   1068.00     3.00  
 1069.00     5.30   1069.00     4.30   1069.00     3.00  
 1070.00     5.30   1070.00     4.20   1070.00     2.90  
 1071.00     5.30   1071.00     4.20   1071.00     2.90  
 1072.00     5.30   1072.00     4.10   1072.00     3.00  
 1073.00     5.30   1073.00     4.10   1073.00     3.00  
 1074.00     5.30   1074.00     4.10   1074.00     3.10  
 1075.00     5.20   1075.00     4.10   1075.00     3.20  
 1076.00     5.30   1076.00     4.10   1076.00     3.20  
 1077.00     5.40   1077.00     4.20   1077.00     3.10  
 1078.00     5.80   1078.00     4.20   1078.00     3.00  
 1079.00     5.40   1079.00     4.30   1079.00     3.00  
 1080.00     5.40   1080.00     4.20   1080.00     2.90  
 1081.00     5.50   1081.00     4.20   1081.00     3.00  
 1082.00     5.80   1082.00     4.20   1082.00     3.00  
 1083.00     5.80   1083.00     4.10   1083.00     3.10  
 1084.00     5.90   1084.00     4.20   1084.00     3.10  
 1085.00     6.00   1085.00     4.10   1085.00     3.10  
 1086.00     6.00   1086.00     4.10   1086.00     3.20  
 1087.00     6.00   1087.00     4.20   1087.00     3.20  
 1088.00     6.00   1088.00     4.20   1088.00     3.10  
 1089.00     5.90   1089.00     4.30   1089.00     3.00  
 1090.00     5.90   1090.00     4.30   1090.00     2.90  
 1091.00     5.90   1091.00     4.20   1091.00     2.90  
 1092.00     5.90   1092.00     4.00   1092.00     3.00  
 1093.00     5.90   1093.00     4.10   1093.00     3.10  
 1094.00     5.90   1094.00     4.10   1094.00     3.10  
 1095.00     6.00   1095.00     4.00   1095.00     3.10  
 1096.00     6.00   1096.00     4.10   1096.00     3.10  
 1097.00     5.50   1097.00     4.10   1097.00     3.10  
 1098.00     5.50   1098.00     4.20   1098.00     3.00  
 1099.00     5.90   1099.00     4.30   1099.00     3.10  
 1100.00     5.70   1100.00     4.20   1100.00     3.00  
 1101.00     5.50   1101.00     4.20   1101.00     3.00  
 1102.00     5.40   1102.00     4.20   1102.00     3.00  
 1103.00     5.40   1103.00     4.10   1103.00     3.10  
 1104.00     5.40   1104.00     4.10   1104.00     3.20  
 1105.00     5.40   1105.00     4.10   1105.00     3.10  
 1106.00     5.40   1106.00     3.90   1106.00     3.20  
 1107.00     5.30   1107.00     4.10   1107.00     3.10  
 1108.00     5.30   1108.00     4.20   1108.00     3.00  
 1109.00     5.30   1109.00     4.30   1109.00     3.00  
 1110.00     5.30   1110.00     4.20   1110.00     2.90  
 1111.00     5.30   1111.00     4.20   1111.00     2.90  
 1112.00     5.30   1112.00     4.20   1112.00     3.00  
 1113.00     5.30   1113.00     4.10   1113.00     3.10  
 1114.00     5.30   1114.00     4.20   1114.00     3.10  
 1115.00     5.30   1115.00     4.10   1115.00     3.10  
 1116.00     5.60   1116.00     4.10   1116.00     3.20  
 1117.00     5.80   1117.00     4.20   1117.00     3.20  
 1118.00     5.40   1118.00     4.10   1118.00     2.80  
 1119.00     5.60   1119.00     4.10   1119.00     2.90  
 1120.00     5.90   1120.00     4.20   1120.00     2.90  
 1121.00     5.90   1121.00     4.10   1121.00     2.90  
 1122.00     5.90   1122.00     4.10   1122.00     2.90  
 1123.00     6.00   1123.00     4.00   1123.00     3.00  
 1124.00     6.00   1124.00     3.90   1124.00     3.00  
 1125.00     6.00   1125.00     4.00   1125.00     3.00  
 1126.00     6.00   1126.00     4.00   1126.00     3.10  
 1127.00     5.90   1127.00     4.10   1127.00     3.10  
 1128.00     5.90   1128.00     4.10   1128.00     3.00  
 1129.00     6.00   1129.00     4.20   1129.00     2.90  
 1130.00     5.90   1130.00     4.10   1130.00     2.90  
 1131.00     5.90   1131.00     4.00   1131.00     2.90  
 1132.00     5.90   1132.00     4.00   1132.00     2.90  
 1133.00     5.40   1133.00     4.00   1133.00     2.90  
 1134.00     6.00   1134.00     4.00   1134.00     3.00  
 1135.00     5.90   1135.00     4.00   1135.00     3.10  
 1136.00     5.80   1136.00     3.90   1136.00     3.10  
 1137.00     5.60   1137.00     3.90   1137.00     3.00  
 1138.00     5.50   1138.00     4.00   1138.00     3.00  
 1139.00     5.50   1139.00     4.10   1139.00     2.90  
 1140.00     5.40   1140.00     4.10   1140.00     2.90  
 1141.00     5.30   1141.00     4.10   1141.00     3.00  
 1142.00     5.30   1142.00     4.10   1142.00     2.90  
 1143.00     5.30   1143.00     4.00   1143.00     2.90  
 1144.00     5.40   1144.00     4.00   1144.00     3.00  
 1145.00     5.30   1145.00     3.90   1145.00     3.00  
 1146.00     5.30   1146.00     3.90   1146.00     3.00  
 1147.00     5.30   1147.00     4.00   1147.00     3.10  
 1148.00     5.30   1148.00     4.00   1148.00     3.00  
 1149.00     5.30   1149.00     4.10   1149.00     2.90  
 1150.00     5.30   1150.00     4.10   1150.00     2.80  
 1151.00     5.30   1151.00     4.10   1151.00     2.80  
 1152.00     5.30   1152.00     3.90   1152.00     2.90  
 1153.00     5.40   1153.00     3.90   1153.00     2.80  
 1154.00     5.50   1154.00     3.90   1154.00     2.80  
 1155.00     5.70   1155.00     3.90   1155.00     2.90  
 1156.00     5.80   1156.00     3.90   1156.00     3.00  
 1157.00     5.90   1157.00     3.90   1157.00     3.00  
 1158.00     6.00   1158.00     3.90   1158.00     3.00  
 1159.00     6.00   1159.00     4.00   1159.00     3.00  
 1160.00     5.90   1160.00     4.10   1160.00     2.90  
 1161.00     6.00   1161.00     4.10   1161.00     2.90  
 1162.00     5.90   1162.00     3.90   1162.00     2.80  
 1163.00     5.90   1163.00     4.10   1163.00     2.80  
 1164.00     6.00   1164.00     4.00   1164.00     2.90  
 1165.00     5.90   1165.00     3.90   1165.00     3.00  
 1166.00     5.90   1166.00     3.90   1166.00     3.00  
 1167.00     5.80   1167.00     3.90   1167.00     3.00  
 1168.00     5.60   1168.00     3.90   1168.00     3.00  
 1169.00     6.00   1169.00     4.00   1169.00     2.90  
 1170.00     5.90   1170.00     4.10   1170.00     2.80  
 1171.00     5.70   1171.00     4.10   1171.00     2.80  
 1172.00     5.50   1172.00     4.00   1172.00     2.80  
 1173.00     5.50   1173.00     4.00   1173.00     2.80  
 1174.00     5.50   1174.00     4.00   1174.00     2.90  
 1175.00     5.40   1175.00     3.90   1175.00     2.90  
 1176.00     5.40   1176.00     3.90   1176.00     3.00  
 1177.00     5.40   1177.00     3.90   1177.00     3.00  
 1178.00     5.40   1178.00     3.90   1178.00     3.00  
 1179.00     5.40   1179.00     4.00   1179.00     2.90  
 1180.00     5.40   1180.00     3.90   1180.00     2.80  
 1181.00     5.40   1181.00     3.90   1181.00     2.80  
 1182.00     5.30   1182.00     3.90   1182.00     2.80  
 1183.00     5.30   1183.00     4.00   1183.00     2.80  
 1184.00     5.30   1184.00     3.90   1184.00     2.80  
 1185.00     5.30   1185.00     3.90   1185.00     3.00  
 1186.00     5.30   1186.00     3.90   1186.00     2.90  
 1187.00     5.30   1187.00     3.90   1187.00     3.00  
 1188.00     5.40   1188.00     3.90   1188.00     3.10  
 1189.00     5.40   1189.00     4.00   1189.00     2.80  
 1190.00     5.40   1190.00     4.00   1190.00     2.80  
 1191.00     5.50   1191.00     4.10   1191.00     2.80  
 1192.00     5.50   1192.00     4.00   1192.00     2.80  
 1193.00     5.80   1193.00     4.00   1193.00     2.80  
 1194.00     5.80   1194.00     3.90   1194.00     2.80  
 1195.00     5.80   1195.00     3.90   1195.00     3.00  
 1196.00     6.00   1196.00     3.80   1196.00     2.90  
 1197.00     6.00   1197.00     3.90   1197.00     3.00  
 1198.00     6.00   1198.00     3.80   1198.00     2.90  
 1199.00     6.00   1199.00     3.80   1199.00     2.90  
 1200.00     6.00   1200.00     4.00   1200.00     2.80  
 1201.00     6.00   1201.00     4.10   1201.00     2.80  
 1202.00     5.90   1202.00     4.10   1202.00     2.80  
 1203.00     6.00   1203.00     4.00   1203.00     2.70  
 1204.00     5.90   1204.00     3.80   1204.00     2.80  
 1205.00     5.90   1205.00     3.80   1205.00     2.80  
 1206.00     5.90   1206.00     3.90   1206.00     2.90  
 1207.00     5.70   1207.00     3.80   1207.00     2.90  
 1208.00     5.40   1208.00     3.80   1208.00     3.00  
 1209.00     5.90   1209.00     3.90   1209.00     2.90  
 1210.00     5.90   1210.00     4.00   1210.00     2.90  
 1211.00     5.80   1211.00     4.00   1211.00     2.80  
 1212.00     5.50   1212.00     4.00   1212.00     2.80  
 1213.00     5.50   1213.00     4.00   1213.00     2.80  
 1214.00     5.40   1214.00     3.90   1214.00     2.80  
 1215.00     5.40   1215.00     3.80   1215.00     2.90  
 1216.00     5.40   1216.00     3.90   1216.00     2.90  
 1217.00     5.30   1217.00     3.90   1217.00     2.90  
 1218.00     5.30   1218.00     3.80   1218.00     2.90  
 1219.00     5.30   1219.00     3.90   1219.00     2.90  
 1220.00     5.30   1220.00     4.00   1220.00     2.80  
 1221.00     5.30   1221.00     4.00   1221.00     2.80  
 1222.00     5.30   1222.00     4.00   1222.00     2.80  
 1223.00     5.20   1223.00     4.00   1223.00     2.70  
 1224.00     6.00   1224.00     3.90   1224.00     2.80  
 1225.00     5.40   1225.00     3.90   1225.00     2.90  
 1226.00     5.30   1226.00     3.90   1226.00     2.90  
 1227.00     5.30   1227.00     3.90   1227.00     2.90  
 1228.00     5.40   1228.00     3.80   1228.00     2.90  
 1229.00     5.60   1229.00     3.80   1229.00     2.90  
 1230.00     5.80   1230.00     4.00   1230.00     2.80  
 1231.00     5.90   1231.00     4.00   1231.00     2.80  
 1232.00     6.00   1232.00     3.90   1232.00     2.80  
 1233.00     6.00   1233.00     3.90   1233.00     2.70  
 1234.00     6.00   1234.00     3.80   1234.00     2.70  
 1235.00     6.00   1235.00     3.90   1235.00     2.80  
 1236.00     6.00   1236.00     3.90   1236.00     3.00  
 1237.00     6.00   1237.00     3.90   1237.00     2.90  
 1238.00     6.00   1238.00     3.80   1238.00     3.00  
 1239.00     6.00   1239.00     3.80   1239.00     3.00  
 1240.00     6.00   1240.00     3.80   1240.00     2.90  
 1241.00     6.00   1241.00     3.80   1241.00     2.80  
 1242.00     5.90   1242.00     4.00   1242.00     2.70  
 1243.00     5.70   1243.00     3.90   1243.00     2.70  
 1244.00     5.60   1244.00     3.90   1244.00     2.70  
 1245.00     5.60   1245.00     3.90   1245.00     2.60  
 1246.00     5.60   1246.00     3.90   1246.00     2.80  
 1247.00     5.60   1247.00     3.90   1247.00     2.80  
 1248.00     5.50   1248.00     3.80   1248.00     2.90  
 1249.00     5.50   1249.00     3.80   1249.00     2.90  
 1250.00     5.40   1250.00     3.80   1250.00     2.90  
 1251.00     5.40   1251.00     3.90   1251.00     2.80  
 1252.00     5.30   1252.00     3.90   1252.00     2.70  
 1253.00     5.30   1253.00     3.90   1253.00     2.70  
 1254.00     5.30   1254.00     3.90   1254.00     2.70  
 1255.00     5.30   1255.00     3.80   1255.00     2.70  
 1256.00     5.30   1256.00     3.80   1256.00     2.80  
 1257.00     5.30   1257.00     3.90   1257.00     2.80  
 1258.00     5.30   1258.00     3.80   1258.00     2.90  
 1259.00     5.30   1259.00     3.80   1259.00     2.90  
 1260.00     5.30   1260.00     3.80   1260.00     2.90  
 1261.00     5.30   1261.00     3.90   1261.00     2.80  
 1262.00     5.40   1262.00     3.90   1262.00     2.90  
 1263.00     5.60   1263.00     3.90   1263.00     2.70  
 1264.00     5.40   1264.00     4.00   1264.00     2.70  
 1265.00     5.80   1265.00     3.90   1265.00     2.70  
 1266.00     5.90   1266.00     3.90   1266.00     2.80  
 1267.00     5.90   1267.00     3.90   1267.00     2.80  
 1268.00     6.00   1268.00     3.80   1268.00     2.90  
 1269.00     5.90   1269.00     3.80   1269.00     3.00  
 1270.00     6.00   1270.00     3.80   1270.00     2.90  
 1271.00     5.90   1271.00     3.90   1271.00     2.80  
 1272.00     5.90   1272.00     4.00   1272.00     2.80  
 1273.00     5.90   1273.00     3.90   1273.00     2.70  
 1274.00     5.60   1274.00     3.90   1274.00     2.70  
 1275.00     5.10   1275.00     3.90   1275.00     2.70  
 1276.00     5.10   1276.00     3.90   1276.00     2.70  
 1277.00     6.00   1277.00     3.90   1277.00     2.80  
 1278.00     6.00   1278.00     3.90   1278.00     2.80  
 1279.00     6.00   1279.00     3.70   1279.00     2.80  
 1280.00     5.50   1280.00     3.80   1280.00     3.00  
 1281.00     5.50   1281.00     3.90   1281.00     2.80  
 1282.00     5.70   1282.00     4.00   1282.00     2.70  
 1283.00     5.20   1283.00     4.00   1283.00     2.70  
 1284.00     5.90   1284.00     3.90   1284.00     2.70  
 1285.00     5.90   1285.00     3.90   1285.00     2.70  
 1286.00     5.40   1286.00     3.90   1286.00     2.70  
 1287.00     5.40   1287.00     3.80   1287.00     2.90  
 1288.00     5.40   1288.00     3.70   1288.00     2.80  
 1289.00     5.30   1289.00     3.80   1289.00     2.80  
 1290.00     5.30   1290.00     3.80   1290.00     2.80  
 1291.00     5.20   1291.00     3.80   1291.00     2.80  
 1292.00     5.20   1292.00     4.00   1292.00     2.70  
 1293.00     5.20   1293.00     3.90   1293.00     2.70  
 1294.00     5.30   1294.00     4.00   1294.00     2.60  
 1295.00     5.90   1295.00     3.90   1295.00     2.70  
 1296.00     5.90   1296.00     3.90   1296.00     2.70  
 1297.00     5.30   1297.00     3.80   1297.00     2.80  
 1298.00     5.30   1298.00     3.80   1298.00     2.80  
 1299.00     5.30   1299.00     3.80   1299.00     2.80  
 1300.00     5.50   1300.00     3.70   1300.00     2.80  
 1301.00     5.80   1301.00     3.80   1301.00     2.80  
 1302.00     5.90   1302.00     3.90   1302.00     2.70  
 1303.00     6.00   1303.00     3.90   1303.00     2.70  
 1304.00     6.00   1304.00     3.90   1304.00     2.60  
 1305.00     6.00   1305.00     3.90   1305.00     2.60  
 1306.00     6.00   1306.00     3.80   1306.00     2.60  
 1307.00     6.00   1307.00     3.70   1307.00     2.80  
 1308.00     6.00   1308.00     3.80   1308.00     2.80  
 1309.00     6.00   1309.00     3.80   1309.00     2.80  
 1310.00     6.00   1310.00     3.80   1310.00     2.80  
 1311.00     5.90   1311.00     3.80   1311.00     2.80  
 1312.00     5.90   1312.00     3.90   1312.00     2.70  
 1313.00     5.80   1313.00     4.00   1313.00     2.70  
 1314.00     5.30   1314.00     3.90   1314.00     2.60  
 1315.00     5.90   1315.00     3.80   1315.00     2.60  
 1316.00     5.90   1316.00     3.80   1316.00     2.70  
 1317.00     5.80   1317.00     3.80   1317.00     2.80  
 1318.00     5.60   1318.00     3.80   1318.00     2.80  
 1319.00     5.70   1319.00     3.70   1319.00     2.80  
 1320.00     5.60   1320.00     3.70   1320.00     2.80  
 1321.00     5.50   1321.00     3.60   1321.00     2.80  
 1322.00     5.50   1322.00     3.90   1322.00     2.70  
 1323.00     5.40   1323.00     3.90   1323.00     2.70  
 1324.00     5.40   1324.00     3.90   1324.00     2.70  
 1325.00     5.30   1325.00     3.90   1325.00     2.60  
 1326.00     5.30   1326.00     3.80   1326.00     2.60  
 1327.00     5.30   1327.00     3.80   1327.00     2.80  
 1328.00     5.30   1328.00     3.80   1328.00     2.80  
 1329.00     5.30   1329.00     3.80   1329.00     2.80  
 1330.00     5.30   1330.00     3.60   1330.00     2.80  
 1331.00     5.30   1331.00     3.80   1331.00     2.80  
 1332.00     5.30   1332.00     3.80   1332.00     2.70  
 1333.00     5.30   1333.00     3.90   1333.00     2.70  
 1334.00     5.30   1334.00     3.80   1334.00     2.60  
 1335.00     5.40   1335.00     3.90   1335.00     2.60  
 1336.00     5.40   1336.00     3.70   1336.00     2.60  
 1337.00     5.60   1337.00     3.80   1337.00     2.70  
 1338.00     5.70   1338.00     3.70   1338.00     2.80  
 1339.00     5.80   1339.00     3.80   1339.00     2.80  
 1340.00     5.90   1340.00     3.70   1340.00     2.80  
 1341.00     6.00   1341.00     3.60   1341.00     2.80  
 1342.00     6.10   1342.00     3.80   1342.00     2.70  
 1343.00     6.00   1343.00     3.90   1343.00     2.70  
 1344.00     6.00   1344.00     3.90   1344.00     2.70  
 1345.00     5.90   1345.00     3.90   1345.00     2.60  
 1346.00     6.00   1346.00     3.80   1346.00     2.70  
 1347.00     5.90   1347.00     3.80   1347.00     2.70  
 1348.00     5.90   1348.00     3.80   1348.00     2.80  
 1349.00     6.00   1349.00     3.80   1349.00     2.90  
 1350.00     5.90   1350.00     3.70   1350.00     2.80  
 1351.00     5.40   1351.00     3.60   1351.00     2.80  
 1352.00     5.80   1352.00     3.80   1352.00     2.80  
 1353.00     6.00   1353.00     3.90   1353.00     2.60  
 1354.00     6.00   1354.00     3.90   1354.00     2.60  
 1355.00     5.90   1355.00     3.90   1355.00     2.60  
 1356.00     5.80   1356.00     3.80   1356.00     2.60  
 1357.00     5.70   1357.00     3.80   1357.00     2.60  
 1358.00     5.50   1358.00     3.80   1358.00     2.70  
 1359.00     5.50   1359.00     3.70   1359.00     2.70  
 1360.00     5.40   1360.00     3.60   1360.00     2.70  
 1361.00     5.40   1361.00     3.60   1361.00     2.70  
 1362.00     5.40   1362.00     3.70   1362.00     2.80  
 1363.00     5.30   1363.00     3.80   1363.00     2.70  
 1364.00     5.30   1364.00     3.90   1364.00     2.70  
 1365.00     5.30   1365.00     3.90   1365.00     2.60  
 1366.00     5.30   1366.00     3.80   1366.00     2.70  
 1367.00     5.30   1367.00     3.80   1367.00     2.60  
 1368.00     5.30   1368.00     3.70   1368.00     2.60  
 1369.00     5.30   1369.00     3.80   1369.00     2.70  
 1370.00     5.30   1370.00     3.80   1370.00     2.70  
 1371.00     5.30   1371.00     3.70   1371.00     2.70  
 1372.00     5.40   1372.00     3.70   1372.00     2.80  
 1373.00     5.50   1373.00     3.70   1373.00     2.70  
 1374.00     5.70   1374.00     3.90   1374.00     2.70  
 1375.00     5.90   1375.00     3.90   1375.00     2.60  
 1376.00     5.90   1376.00     3.90   1376.00     2.60  
 1377.00     6.00   1377.00     3.70   1377.00     2.60  
 1378.00     6.00   1378.00     3.70   1378.00     2.70  
 1379.00     6.00   1379.00     3.80   1379.00     2.80  
 1380.00     6.00   1380.00     3.60   1380.00     2.70  
 1381.00     6.00   1381.00     3.70   1381.00     2.70  
 1382.00     6.00   1382.00     3.70   1382.00     2.80  
 1383.00     5.90   1383.00     3.80   1383.00     2.70  
 1384.00     5.90   1384.00     3.90   1384.00     2.70  
 1385.00     5.40   1385.00     3.90   1385.00     2.60  
 1386.00     5.90   1386.00     3.90   1386.00     2.50  
 1387.00     5.80   1387.00     3.80   1387.00     2.50  
 1388.00     5.50   1388.00     3.80   1388.00     2.60  
 1389.00     6.00   1389.00     3.80   1389.00     2.70  
 1390.00     6.00   1390.00     3.80   1390.00     2.70  
 1391.00     6.00   1391.00     3.70   1391.00     2.70  
 1392.00     5.90   1392.00     3.70   1392.00     2.80  
 1393.00     5.90   1393.00     3.70   1393.00     2.70  
 1394.00     5.70   1394.00     3.80   1394.00     2.70  
 1395.00     5.50   1395.00     3.90   1395.00     2.60  
 1396.00     5.40   1396.00     3.90   1396.00     2.50  
 1397.00     5.40   1397.00     3.80   1397.00     2.60  
 1398.00     5.40   1398.00     3.80   1398.00     2.60  
 1399.00     5.30   1399.00     3.80   1399.00     2.80  
 1400.00     5.30   1400.00     3.80   1400.00     2.70  
 1401.00     5.30   1401.00     3.70   1401.00     2.70  
 1402.00     5.30   1402.00     3.60   1402.00     2.70  
 1403.00     5.20   1403.00     3.70   1403.00     2.70  
 1404.00     5.20   1404.00     3.80   1404.00     2.70  
 1405.00     5.30   1405.00     3.90   1405.00     2.60  
 1406.00     5.30   1406.00     3.90   1406.00     2.60  
 1407.00     5.30   1407.00     3.70   1407.00     2.50  
 1408.00     5.30   1408.00     3.80   1408.00     2.60  
 1409.00     5.40   1409.00     3.60   1409.00     2.60  
 1410.00     5.60   1410.00     3.60   1410.00     2.70  
 1411.00     5.70   1411.00     3.70   1411.00     2.70  
 1412.00     5.80   1412.00     3.70   1412.00     2.70  
 1413.00     5.90   1413.00     3.70   1413.00     2.70  
 1414.00     6.00   1414.00     3.80   1414.00     2.70  
 1415.00     6.10   1415.00     3.90   1415.00     2.50  
 1416.00     6.10   1416.00     3.90   1416.00     2.50  
 1417.00     6.00   1417.00     3.80   1417.00     2.50  
 1418.00     6.00   1418.00     3.80   1418.00     2.40  
 1419.00     5.90   1419.00     3.60   1419.00     2.70  
 1420.00     5.90   1420.00     3.60   1420.00     2.70  
 1421.00     5.90   1421.00     3.70   1421.00     2.70  
 1422.00     6.00   1422.00     3.60   1422.00     2.70  
 1423.00     5.90   1423.00     3.60   1423.00     2.70  
 1424.00     5.80   1424.00     3.80   1424.00     2.70  
 1425.00     5.40   1425.00     3.80   1425.00     2.60  
 1426.00     5.90   1426.00     3.80   1426.00     2.40  
 1427.00     6.00   1427.00     3.80   1427.00     2.50  
 1428.00     6.00   1428.00     3.80   1428.00     2.70  
 1429.00     5.90   1429.00     3.80   1429.00     2.60  
 1430.00     5.90   1430.00     3.70   1430.00     2.70  
 1431.00     5.80   1431.00     3.60   1431.00     2.70  
 1432.00     5.60   1432.00     3.70   1432.00     2.70  
 1433.00     5.50   1433.00     3.60   1433.00     2.70  
 1434.00     5.40   1434.00     3.70   1434.00     2.70  
 1435.00     5.40   1435.00     3.80   1435.00     2.60  
 1436.00     5.30   1436.00     3.80   1436.00     2.60  
 1437.00     5.30   1437.00     3.80   1437.00     2.50  
 1438.00     5.30   1438.00     3.80   1438.00     2.50  
 1439.00     5.30   1439.00     3.80   1439.00     2.60  
 1440.00     5.30   1440.00     3.70   1440.00     2.70  
 1441.00     5.30   1441.00     3.70   1441.00     2.60  
 1442.00     5.30   1442.00     3.70   1442.00     2.70  
 1443.00     5.30   1443.00     3.60   1443.00     2.70  
 1444.00     5.40   1444.00     3.70   1444.00     2.70  
 1445.00     5.50   1445.00     3.80   1445.00     2.70  
 1446.00     5.70   1446.00     3.70   1446.00     2.60  
 1447.00     5.70   1447.00     3.80   1447.00     2.50  
 1448.00     5.80   1448.00     3.80   1448.00     2.60  
 1449.00     5.90   1449.00     3.80   1449.00     2.60  
 1450.00     6.00   1450.00     3.80   1450.00     2.70  
 1451.00     6.00   1451.00     3.70   1451.00     2.70  
 1452.00     6.00   1452.00     3.60   1452.00     2.70  
 1453.00     5.90   1453.00     3.60   1453.00     2.70  
 1454.00     5.90   1454.00     3.70   1454.00     2.70  
 1455.00     5.90   1455.00     3.80   1455.00     2.60  
 1456.00     5.90   1456.00     3.80   1456.00     2.50  
 1457.00     5.90   1457.00     3.80   1457.00     2.50  
 1458.00     5.70   1458.00     3.80   1458.00     2.50  
 1459.00     5.50   1459.00     3.80   1459.00     2.60  
 1460.00     5.90   1460.00     3.70   1460.00     2.60  
 1461.00     5.70   1461.00     3.60   1461.00     2.70  
 1462.00     5.70   1462.00     3.70   1462.00     2.70  
 1463.00     5.90   1463.00     3.60   1463.00     2.70  
 1464.00     6.00   1464.00     3.60   1464.00     2.70  
 1465.00     5.90   1465.00     3.80   1465.00     2.60  
 1466.00     5.80   1466.00     3.70   1466.00     2.50  
 1467.00     5.80   1467.00     3.80   1467.00     2.50  
 1468.00     5.60   1468.00     3.70   1468.00     2.60  
 1469.00     5.50   1469.00     3.70   1469.00     2.60  
 1470.00     5.40   1470.00     3.70   1470.00     2.60  
 1471.00     5.30   1471.00     3.70   1471.00     2.70  
 1472.00     5.30   1472.00     3.70   1472.00     2.80  
 1473.00     5.30   1473.00     3.60   1473.00     2.70  
 1474.00     5.30   1474.00     3.60   1474.00     2.70  
 1475.00     5.30   1475.00     3.60   1475.00     2.70  
 1476.00     5.30   1476.00     3.80   1476.00     2.60  
 1477.00     5.30   1477.00     3.90   1477.00     2.50  
 1478.00     5.30   1478.00     3.80   1478.00     2.50  
 1479.00     5.30   1479.00     3.60   1479.00     2.50  
 1480.00     5.30   1480.00     3.70   1480.00     2.70  
 1481.00     5.30   1481.00     3.60   1481.00     2.70  
 1482.00     5.50   1482.00     3.70   1482.00     2.70  
 1483.00     5.60   1483.00     3.60   1483.00     2.70  
 1484.00     5.80   1484.00     3.60   1484.00     2.70  
 1485.00     5.80   1485.00     3.60   1485.00     2.70  
 1486.00     5.90   1486.00     3.80   1486.00     2.50  
 1487.00     6.00   1487.00     3.80   1487.00     2.50  
 1488.00     6.10   1488.00     3.80   1488.00     2.50  
 1489.00     6.00   1489.00     3.70   1489.00     2.60  
 1490.00     6.00   1490.00     3.70   1490.00     2.60  
 1491.00     5.90   1491.00     3.70   1491.00     2.60  
 1492.00     5.90   1492.00     3.70   1492.00     2.70  
 1493.00     6.00   1493.00     3.60   1493.00     2.70  
 1494.00     5.90   1494.00     3.50   1494.00     2.70  
 1495.00     5.90   1495.00     3.70   1495.00     2.70  
 1496.00     5.40   1496.00     3.60   1496.00     2.60  
 1497.00     5.90   1497.00     3.80   1497.00     2.50  
 1498.00     5.90   1498.00     3.80   1498.00     2.60  
 1499.00     6.00   1499.00     3.70   1499.00     2.60  
 1500.00     6.00   1500.00     3.70   1500.00     2.60  
 1501.00     6.00   1501.00     3.60   1501.00     2.60  
 1502.00     5.80   1502.00     3.70   1502.00     2.70  
 1503.00     5.60   1503.00     3.60   1503.00     2.70  
 1504.00     5.50   1504.00     3.60   1504.00     2.70  
 1505.00     5.40   1505.00     3.60   1505.00     2.70  
 1506.00     5.40   1506.00     3.60   1506.00     2.60  
 1507.00     5.40   1507.00     3.80   1507.00     2.50  
 1508.00     5.30   1508.00     3.80   1508.00     2.50  
 1509.00     5.30   1509.00     3.70   1509.00     2.50  
 1510.00     5.30   1510.00     3.70   1510.00     2.50  
 1511.00     5.30   1511.00     3.70   1511.00     2.60  
 1512.00     5.30   1512.00     3.70   1512.00     2.70  
 1513.00     5.30   1513.00     3.70   1513.00     2.70  
 1514.00     5.30   1514.00     3.60   1514.00     2.70  
 1515.00     5.30   1515.00     3.50   1515.00     2.70  
 1516.00     5.30   1516.00     3.70   1516.00     2.60  
 1517.00     5.40   1517.00     3.80   1517.00     2.50  
 1518.00     5.50   1518.00     3.80   1518.00     2.50  
 1519.00     5.60   1519.00     3.70   1519.00     2.50  
 1520.00     5.80   1520.00     3.70   1520.00     2.50  
 1521.00     5.80   1521.00     3.60   1521.00     2.70  
 1522.00     5.90   1522.00     3.70   1522.00     2.60  
 1523.00     6.00   1523.00     3.60   1523.00     2.70  
 1524.00     6.00   1524.00     3.60   1524.00     2.70  
 1525.00     6.00   1525.00     3.50   1525.00     2.70  
 1526.00     6.00   1526.00     3.60   1526.00     2.70  
 1527.00     5.90   1527.00     3.70   1527.00     2.60  
 1528.00     5.90   1528.00     3.80   1528.00     2.50  
 1529.00     5.90   1529.00     3.80   1529.00     2.50  
 1530.00     5.70   1530.00     3.70   1530.00     2.40  
 1531.00     5.50   1531.00     3.60   1531.00     2.50  
 1532.00     6.00   1532.00     3.60   1532.00     2.60  
 1533.00     5.80   1533.00     3.70   1533.00     2.70  
 1534.00     5.40   1534.00     3.60   1534.00     2.70  
 1535.00     5.90   1535.00     3.60   1535.00     2.70  
 1536.00     5.90   1536.00     3.60   1536.00     2.70  
 1537.00     6.00   1537.00     3.70   1537.00     2.60  
 1538.00     6.00   1538.00     3.80   1538.00     2.60  
 1539.00     5.90   1539.00     3.60   1539.00     2.50  
 1540.00     5.60   1540.00     3.70   1540.00     2.50  
 1541.00     5.50   1541.00     3.60   1541.00     2.60  
 1542.00     5.40   1542.00     3.70   1542.00     2.60  
 1543.00     5.40   1543.00     3.60   1543.00     2.70  
 1544.00     5.30   1544.00     3.60   1544.00     2.70  
 1545.00     5.30   1545.00     3.60   1545.00     2.70  
 1546.00     5.30   1546.00     3.70   1546.00     2.60  
 1547.00     5.30   1547.00     3.70   1547.00     2.60  
 1548.00     5.30   1548.00     3.80   1548.00     2.50  
 1549.00     5.20   1549.00     3.80   1549.00     2.40  
 1550.00     5.30   1550.00     3.80   1550.00     2.40  
 1551.00     5.20   1551.00     3.60   1551.00     2.50  
 1552.00     5.20   1552.00     3.70   1552.00     2.60  
 1553.00     5.20   1553.00     3.70   1553.00     2.60  
 1554.00     5.30   1554.00     3.70   1554.00     2.70  
 1555.00     5.50   1555.00     3.60   1555.00     2.70  
 1556.00     5.80   1556.00     3.60   1556.00     2.70  
 1557.00     5.90   1557.00     3.70   1557.00     2.60  
 1558.00     6.00   1558.00     3.90   1558.00     2.70  
