Date : 2022/09/08 (THU)
Time : 10:05:08
   Film : Pattern         Review Cam  
     X        Y         X        Y    
    0.00  0.63472      0.00  0.00000  
    1.00  0.62650      1.00  0.00000  
    2.00  0.49522      2.00  0.00000  
    3.00  0.34867      3.00  0.00000  
    4.00  0.18220      4.00  0.00000  
    5.00 -0.09715      5.00  0.00000  
    6.00 -0.18722      6.00  0.00000  
    7.00 -0.24581      7.00  0.00000  
    8.00 -0.23109      8.00  0.00000  
    9.00 -0.23104      9.00  0.00000  
   10.00 -0.22083     10.00  0.00000  
   11.00 -0.23064     11.00  0.00000  
   12.00 -0.21197     12.00  0.00000  
   13.00 -0.20717     13.00  0.00000  
   14.00 -0.21002     14.00  0.00000  
   15.00 -0.19143     15.00  0.00000  
   16.00 -0.20145     16.00  0.00000  
   17.00 -0.19432     17.00  0.00000  
   18.00 -0.21124     18.00  0.00000  
   19.00 -0.17770     19.00  0.00000  
   20.00 -0.17727     20.00  0.00000  
   21.00 -0.17229     21.00  0.00000  
   22.00 -0.18935     22.00  0.00000  
   23.00 -0.19161     23.00  0.00000  
   24.00 -0.21521     24.00  0.00000  
   25.00 -0.18864     25.00  0.00000  
   26.00 -0.19694     26.00  0.00000  
   27.00 -0.25033     27.00  0.00000  
   28.00 -0.12668     28.00  0.00000  
   29.00 -0.09776     29.00  0.00000  
   30.00 -0.13027     30.00  0.00000  
   31.00 -0.16724     31.00  0.00000  
   32.00 -0.16999     32.00  0.00000  
   33.00 -0.18870     33.00  0.00000  
   34.00 -0.17678     34.00  0.00000  
   35.00 -0.18897     35.00  0.00000  
   36.00 -0.18221     36.00  0.00000  
   37.00 -0.20223     37.00  0.00000  
   38.00 -0.20977     38.00  0.00000  
   39.00 -0.19760     39.00  0.00000  
   40.00 -0.20633     40.00  0.00000  
   41.00 -0.19830     41.00  0.00000  
   42.00 -0.19712     42.00  0.00000  
   43.00 -0.21100     43.00  0.00000  
   44.00 -0.19366     44.00  0.00000  
   45.00 -0.20994     45.00  0.00000  
   46.00 -0.19816     46.00  0.00000  
   47.00 -0.19522     47.00  0.00000  
   48.00 -0.19853     48.00  0.00000  
   49.00 -0.20698     49.00  0.00000  
   50.00 -0.20426     50.00  0.00000  
   51.00 -0.19270     51.00  0.00000  
   52.00 -0.19753     52.00  0.00000  
   53.00 -0.19115     53.00  0.00000  
   54.00 -0.19635     54.00  0.00000  
   55.00 -0.18862     55.00  0.00000  
   56.00 -0.18258     56.00  0.00000  
   57.00 -0.19043     57.00  0.00000  
   58.00 -0.18383     58.00  0.00000  
   59.00 -0.18758     59.00  0.00000  
   60.00 -0.19627     60.00  0.00000  
   61.00 -0.19884     61.00  0.00000  
   62.00 -0.19435     62.00  0.00000  
   63.00 -0.20499     63.00  0.00000  
   64.00 -0.18305     64.00  0.00000  
   65.00 -0.18927     65.00  0.00000  
   66.00 -0.18813     66.00  0.00000  
   67.00 -0.19722     67.00  0.00000  
   68.00 -0.19713     68.00  0.00000  
   69.00 -0.18808     69.00  0.00000  
   70.00 -0.19593     70.00  0.00000  
   71.00 -0.18318     71.00  0.00000  
   72.00 -0.19230     72.00  0.00000  
   73.00 -0.17137     73.00  0.00000  
   74.00 -0.18847     74.00  0.00000  
   75.00 -0.19348     75.00  0.00000  
   76.00 -0.19376     76.00  0.00000  
   77.00 -0.18899     77.00  0.00000  
   78.00 -0.19015     78.00  0.00000  
   79.00 -0.18646     79.00  0.00000  
   80.00 -0.20059     80.00  0.00000  
   81.00 -0.19237     81.00  0.00000  
   82.00 -0.29213     82.00  0.00000  
   83.00 -0.26650     83.00  0.00000  
   84.00 -0.25366     84.00  0.00000  
   85.00 -0.23427     85.00  0.00000  
   86.00 -0.23660     86.00  0.00000  
   87.00 -0.21868     87.00  0.00000  
   88.00 -0.20751     88.00  0.00000  
   89.00 -0.19548     89.00  0.00000  
   90.00 -0.20393     90.00  0.00000  
   91.00 -0.19181     91.00  0.00000  
   92.00 -0.19787     92.00  0.00000  
   93.00 -0.18808     93.00  0.00000  
   94.00 -0.20010     94.00  0.00000  
   95.00 -0.19451     95.00  0.00000  
   96.00 -0.20272     96.00  0.00000  
   97.00 -0.19852     97.00  0.00000  
   98.00 -0.19523     98.00  0.00000  
   99.00 -0.18835     99.00  0.00000  
  100.00 -0.18827    100.00  0.00000  
  101.00 -0.18487    101.00  0.00000  
  102.00 -0.19706    102.00  0.00000  
  103.00 -0.18663    103.00  0.00000  
  104.00 -0.19724    104.00  0.00000  
  105.00 -0.19586    105.00  0.00000  
  106.00 -0.20090    106.00  0.00000  
  107.00 -0.18961    107.00  0.00000  
  108.00 -0.18772    108.00  0.00000  
  109.00 -0.18188    109.00  0.00000  
  110.00 -0.19294    110.00  0.00000  
  111.00 -0.19072    111.00  0.00000  
  112.00 -0.19879    112.00  0.00000  
  113.00 -0.19622    113.00  0.00000  
  114.00 -0.19432    114.00  0.00000  
  115.00 -0.43905    115.00  0.00000  
  116.00 -0.39736    116.00  0.00000  
  117.00 -0.31744    117.00  0.00000  
  118.00 -0.28301    118.00  0.00000  
  119.00 -0.24559    119.00  0.00000  
  120.00 -0.23151    120.00  0.00000  
  121.00 -0.21332    121.00  0.00000  
  122.00 -0.20788    122.00  0.00000  
  123.00 -0.19228    123.00  0.00000  
  124.00 -0.19311    124.00  0.00000  
  125.00 -0.17243    125.00  0.00000  
  126.00 -0.19267    126.00  0.00000  
  127.00 -0.19071    127.00  0.00000  
  128.00 -0.18812    128.00  0.00000  
  129.00 -0.18406    129.00  0.00000  
  130.00 -0.18685    130.00  0.00000  
  131.00 -0.17515    131.00  0.00000  
  132.00 -0.17324    132.00  0.00000  
  133.00 -0.16953    133.00  0.00000  
  134.00 -0.19129    134.00  0.00000  
  135.00 -0.18081    135.00  0.00000  
  136.00 -0.18892    136.00  0.00000  
  137.00 -0.19276    137.00  0.00000  
  138.00 -0.19189    138.00  0.00000  
  139.00 -0.17863    139.00  0.00000  
  140.00 -0.17064    140.00  0.00000  
  141.00 -0.17068    141.00  0.00000  
  142.00 -0.19088    142.00  0.00000  
  143.00 -0.17915    143.00  0.00000  
  144.00 -0.19162    144.00  0.00000  
  145.00 -0.18114    145.00  0.00000  
  146.00 -0.19450    146.00  0.00000  
  147.00 -0.17379    147.00  0.00000  
  148.00 -0.18490    148.00  0.00000  
  149.00 -0.17739    149.00  0.00000  
  150.00 -0.18730    150.00  0.00000  
  151.00 -0.18559    151.00  0.00000  
  152.00 -0.17248    152.00  0.00000  
  153.00 -0.17097    153.00  0.00000  
  154.00 -0.18558    154.00  0.00000  
  155.00 -0.16955    155.00  0.00000  
  156.00 -0.19991    156.00  0.00000  
  157.00 -0.18300    157.00  0.00000  
  158.00 -0.19972    158.00  0.00000  
  159.00 -0.20093    159.00  0.00000  
  160.00 -0.19575    160.00  0.00000  
  161.00 -0.18753    161.00  0.00000  
  162.00 -0.19191    162.00  0.00000  
  163.00 -0.19020    163.00  0.00000  
  164.00 -0.18583    164.00  0.00000  
  165.00 -0.17573    165.00  0.00000  
  166.00 -0.19913    166.00  0.00000  
  167.00 -0.18997    167.00  0.00000  
  168.00 -0.18705    168.00  0.00000  
  169.00 -0.18027    169.00  0.00000  
  170.00 -0.18971    170.00  0.00000  
  171.00 -0.17311    171.00  0.00000  
  172.00 -0.18727    172.00  0.00000  
  173.00 -0.17538    173.00  0.00000  
  174.00 -0.19069    174.00  0.00000  
  175.00 -0.19113    175.00  0.00000  
  176.00 -0.19409    176.00  0.00000  
  177.00 -0.18140    177.00  0.00000  
  178.00 -0.19433    178.00  0.00000  
  179.00 -0.18014    179.00  0.00000  
  180.00 -0.17950    180.00  0.00000  
  181.00 -0.16921    181.00  0.00000  
  182.00 -0.19067    182.00  0.00000  
  183.00 -0.18788    183.00  0.00000  
  184.00 -0.19434    184.00  0.00000  
  185.00 -0.18960    185.00  0.00000  
  186.00 -0.19549    186.00  0.00000  
  187.00 -0.18544    187.00  0.00000  
  188.00 -0.18359    188.00  0.00000  
  189.00 -0.16974    189.00  0.00000  
  190.00 -0.19264    190.00  0.00000  
  191.00 -0.18664    191.00  0.00000  
  192.00 -0.18967    192.00  0.00000  
  193.00 -0.18481    193.00  0.00000  
  194.00 -0.19284    194.00  0.00000  
  195.00 -0.18230    195.00  0.00000  
  196.00 -0.18249    196.00  0.00000  
  197.00 -0.17632    197.00  0.00000  
  198.00 -0.18827    198.00  0.00000  
  199.00 -0.18249    199.00  0.00000  
  200.00 -0.18459    200.00  0.00000  
  201.00 -0.18133    201.00  0.00000  
  202.00 -0.18693    202.00  0.00000  
  203.00 -0.17521    203.00  0.00000  
  204.00 -0.17319    204.00  0.00000  
  205.00 -0.17700    205.00  0.00000  
  206.00 -0.18479    206.00  0.00000  
  207.00 -0.19589    207.00  0.00000  
  208.00 -0.18787    208.00  0.00000  
  209.00 -0.18334    209.00  0.00000  
  210.00 -0.19119    210.00  0.00000  
  211.00 -0.17619    211.00  0.00000  
  212.00 -0.18172    212.00  0.00000  
  213.00 -0.16710    213.00  0.00000  
  214.00 -0.17944    214.00  0.00000  
  215.00 -0.18097    215.00  0.00000  
  216.00 -0.17358    216.00  0.00000  
  217.00 -0.17312    217.00  0.00000  
  218.00 -0.17816    218.00  0.00000  
  219.00 -0.16451    219.00  0.00000  
  220.00 -0.16258    220.00  0.00000  
  221.00 -0.16412    221.00  0.00000  
  222.00 -0.17928    222.00  0.00000  
  223.00 -0.17995    223.00  0.00000  
  224.00 -0.17109    224.00  0.00000  
  225.00 -0.16799    225.00  0.00000  
  226.00 -0.17568    226.00  0.00000  
  227.00 -0.16337    227.00  0.00000  
  228.00 -0.16596    228.00  0.00000  
  229.00 -0.15970    229.00  0.00000  
  230.00 -0.17311    230.00  0.00000  
  231.00 -0.16991    231.00  0.00000  
  232.00 -0.16559    232.00  0.00000  
  233.00 -0.42247    233.00  0.00000  
  234.00 -0.31933    234.00  0.00000  
  235.00 -0.26070    235.00  0.00000  
  236.00 -0.24126    236.00  0.00000  
  237.00 -0.20795    237.00  0.00000  
  238.00 -0.20253    238.00  0.00000  
  239.00 -0.19392    239.00  0.00000  
  240.00 -0.18558    240.00  0.00000  
  241.00 -0.17435    241.00  0.00000  
  242.00 -0.17409    242.00  0.00000  
  243.00 -0.17007    243.00  0.00000  
  244.00 -0.17626    244.00  0.00000  
  245.00 -0.16263    245.00  0.00000  
  246.00 -0.16865    246.00  0.00000  
  247.00 -0.17261    247.00  0.00000  
  248.00 -0.17667    248.00  0.00000  
  249.00 -0.16905    249.00  0.00000  
  250.00 -0.17762    250.00  0.00000  
  251.00 -0.17264    251.00  0.00000  
  252.00 -0.17103    252.00  0.00000  
  253.00 -0.16100    253.00  0.00000  
  254.00 -0.17449    254.00  0.00000  
  255.00 -0.17978    255.00  0.00000  
  256.00 -0.16470    256.00  0.00000  
  257.00 -0.17959    257.00  0.00000  
  258.00 -0.18755    258.00  0.00000  
  259.00 -0.17666    259.00  0.00000  
  260.00 -0.17837    260.00  0.00000  
  261.00 -0.16937    261.00  0.00000  
  262.00 -0.17548    262.00  0.00000  
  263.00 -0.17185    263.00  0.00000  
  264.00 -0.16694    264.00  0.00000  
  265.00 -0.16766    265.00  0.00000  
  266.00 -0.17523    266.00  0.00000  
  267.00 -0.17205    267.00  0.00000  
  268.00 -0.17781    268.00  0.00000  
  269.00 -0.16797    269.00  0.00000  
  270.00 -0.18273    270.00  0.00000  
  271.00 -0.18872    271.00  0.00000  
  272.00 -0.16920    272.00  0.00000  
  273.00 -0.17440    273.00  0.00000  
  274.00 -0.18767    274.00  0.00000  
  275.00 -0.17919    275.00  0.00000  
  276.00 -0.18090    276.00  0.00000  
  277.00 -0.17123    277.00  0.00000  
  278.00 -0.48223    278.00  0.00000  
  279.00 -0.45075    279.00  0.00000  
  280.00 -0.36913    280.00  0.00000  
  281.00 -0.30199    281.00  0.00000  
  282.00 -0.26792    282.00  0.00000  
  283.00 -0.22463    283.00  0.00000  
  284.00 -0.21552    284.00  0.00000  
  285.00 -0.19260    285.00  0.00000  
  286.00 -0.19146    286.00  0.00000  
  287.00 -0.19443    287.00  0.00000  
  288.00 -0.18654    288.00  0.00000  
  289.00 -0.17397    289.00  0.00000  
  290.00 -0.17175    290.00  0.00000  
  291.00 -0.16684    291.00  0.00000  
  292.00 -0.16978    292.00  0.00000  
  293.00 -0.15477    293.00  0.00000  
  294.00 -0.17108    294.00  0.00000  
  295.00 -0.18388    295.00  0.00000  
  296.00 -0.17936    296.00  0.00000  
  297.00 -0.16841    297.00  0.00000  
  298.00 -0.17199    298.00  0.00000  
  299.00 -0.15516    299.00  0.00000  
  300.00 -0.16931    300.00  0.00000  
  301.00 -0.15936    301.00  0.00000  
  302.00 -0.16975    302.00  0.00000  
  303.00 -0.16791    303.00  0.00000  
  304.00 -0.16764    304.00  0.00000  
  305.00 -0.16407    305.00  0.00000  
  306.00 -0.17235    306.00  0.00000  
  307.00 -0.15979    307.00  0.00000  
  308.00 -0.16072    308.00  0.00000  
  309.00 -0.16281    309.00  0.00000  
  310.00 -0.17878    310.00  0.00000  
  311.00 -0.17640    311.00  0.00000  
  312.00 -0.16146    312.00  0.00000  
  313.00 -0.16087    313.00  0.00000  
  314.00 -0.16882    314.00  0.00000  
  315.00 -0.15813    315.00  0.00000  
  316.00 -0.16917    316.00  0.00000  
  317.00 -0.16118    317.00  0.00000  
  318.00 -0.17165    318.00  0.00000  
  319.00 -0.17014    319.00  0.00000  
  320.00 -0.17212    320.00  0.00000  
  321.00 -0.16935    321.00  0.00000  
  322.00 -0.17341    322.00  0.00000  
  323.00 -0.16951    323.00  0.00000  
  324.00 -0.17344    324.00  0.00000  
  325.00 -0.15364    325.00  0.00000  
  326.00 -0.16782    326.00  0.00000  
  327.00 -0.17117    327.00  0.00000  
  328.00 -0.16337    328.00  0.00000  
  329.00 -0.15853    329.00  0.00000  
  330.00 -0.17425    330.00  0.00000  
  331.00 -0.16979    331.00  0.00000  
  332.00 -0.17071    332.00  0.00000  
  333.00 -0.15525    333.00  0.00000  
  334.00 -0.16513    334.00  0.00000  
  335.00 -0.16993    335.00  0.00000  
  336.00 -0.15996    336.00  0.00000  
  337.00 -0.15188    337.00  0.00000  
  338.00 -0.15931    338.00  0.00000  
  339.00 -0.15523    339.00  0.00000  
  340.00 -0.15977    340.00  0.00000  
  341.00 -0.14887    341.00  0.00000  
  342.00 -0.16057    342.00  0.00000  
  343.00 -0.16603    343.00  0.00000  
  344.00 -0.16169    344.00  0.00000  
  345.00 -0.15477    345.00  0.00000  
  346.00 -0.15583    346.00  0.00000  
  347.00 -0.14737    347.00  0.00000  
  348.00 -0.15360    348.00  0.00000  
  349.00 -0.15686    349.00  0.00000  
  350.00 -0.16838    350.00  0.00000  
  351.00 -0.16897    351.00  0.00000  
  352.00 -0.16021    352.00  0.00000  
  353.00 -0.15328    353.00  0.00000  
  354.00 -0.16287    354.00  0.00000  
  355.00 -0.15486    355.00  0.00000  
  356.00 -0.16459    356.00  0.00000  
  357.00 -0.15635    357.00  0.00000  
  358.00 -0.16511    358.00  0.00000  
  359.00 -0.17615    359.00  0.00000  
  360.00 -0.16171    360.00  0.00000  
  361.00 -0.15161    361.00  0.00000  
  362.00 -0.16726    362.00  0.00000  
  363.00 -0.15269    363.00  0.00000  
  364.00 -0.16080    364.00  0.00000  
  365.00 -0.15282    365.00  0.00000  
  366.00 -0.16487    366.00  0.00000  
  367.00 -0.16888    367.00  0.00000  
  368.00 -0.16340    368.00  0.00000  
  369.00 -0.15221    369.00  0.00000  
  370.00 -0.16109    370.00  0.00000  
  371.00 -0.15662    371.00  0.00000  
  372.00 -0.15914    372.00  0.00000  
  373.00 -0.15530    373.00  0.00000  
  374.00 -0.16493    374.00  0.00000  
  375.00 -0.16553    375.00  0.00000  
  376.00 -0.16081    376.00  0.00000  
  377.00 -0.14359    377.00  0.00000  
  378.00 -0.15233    378.00  0.00000  
  379.00 -0.14301    379.00  0.00000  
  380.00 -0.14100    380.00  0.00000  
  381.00 -0.13147    381.00  0.00000  
  382.00 -0.15510    382.00  0.00000  
  383.00 -0.15586    383.00  0.00000  
  384.00 -0.14711    384.00  0.00000  
  385.00 -0.14564    385.00  0.00000  
  386.00 -0.15025    386.00  0.00000  
  387.00 -0.13496    387.00  0.00000  
  388.00 -0.14747    388.00  0.00000  
  389.00 -0.14548    389.00  0.00000  
  390.00 -0.14979    390.00  0.00000  
  391.00 -0.15547    391.00  0.00000  
  392.00 -0.14023    392.00  0.00000  
  393.00 -0.13856    393.00  0.00000  
  394.00 -0.14107    394.00  0.00000  
  395.00 -0.13235    395.00  0.00000  
  396.00 -0.13437    396.00  0.00000  
  397.00 -0.13132    397.00  0.00000  
  398.00 -0.15663    398.00  0.00000  
  399.00 -0.15833    399.00  0.00000  
  400.00 -0.15006    400.00  0.00000  
  401.00 -0.14846    401.00  0.00000  
  402.00 -0.15064    402.00  0.00000  
  403.00 -0.13779    403.00  0.00000  
  404.00 -0.13827    404.00  0.00000  
  405.00 -0.14647    405.00  0.00000  
  406.00 -0.15613    406.00  0.00000  
  407.00 -0.16591    407.00  0.00000  
  408.00 -0.15470    408.00  0.00000  
  409.00 -0.14438    409.00  0.00000  
  410.00 -0.14617    410.00  0.00000  
  411.00 -0.13844    411.00  0.00000  
  412.00 -0.13770    412.00  0.00000  
  413.00 -0.13290    413.00  0.00000  
  414.00 -0.14442    414.00  0.00000  
  415.00 -0.14260    415.00  0.00000  
  416.00 -0.14830    416.00  0.00000  
  417.00 -0.14138    417.00  0.00000  
  418.00 -0.14482    418.00  0.00000  
  419.00 -0.12940    419.00  0.00000  
  420.00 -0.13591    420.00  0.00000  
  421.00 -0.12829    421.00  0.00000  
  422.00 -0.14319    422.00  0.00000  
  423.00 -0.14737    423.00  0.00000  
  424.00 -0.14490    424.00  0.00000  
  425.00 -0.15301    425.00  0.00000  
  426.00 -0.15833    426.00  0.00000  
  427.00 -0.14513    427.00  0.00000  
  428.00 -0.13999    428.00  0.00000  
  429.00 -0.13216    429.00  0.00000  
  430.00 -0.14545    430.00  0.00000  
  431.00 -0.14939    431.00  0.00000  
  432.00 -0.14716    432.00  0.00000  
  433.00 -0.13612    433.00  0.00000  
  434.00 -0.13838    434.00  0.00000  
  435.00 -0.13419    435.00  0.00000  
  436.00 -0.14738    436.00  0.00000  
  437.00 -0.14037    437.00  0.00000  
  438.00 -0.15737    438.00  0.00000  
  439.00 -0.15920    439.00  0.00000  
  440.00 -0.15755    440.00  0.00000  
  441.00 -0.15232    441.00  0.00000  
  442.00 -0.14858    442.00  0.00000  
  443.00 -0.13652    443.00  0.00000  
  444.00 -0.14385    444.00  0.00000  
  445.00 -0.12792    445.00  0.00000  
  446.00 -0.14323    446.00  0.00000  
  447.00 -0.16295    447.00  0.00000  
  448.00 -0.15559    448.00  0.00000  
  449.00 -0.15156    449.00  0.00000  
  450.00 -0.15304    450.00  0.00000  
  451.00 -0.14052    451.00  0.00000  
  452.00 -0.13556    452.00  0.00000  
  453.00 -0.13321    453.00  0.00000  
  454.00 -0.14636    454.00  0.00000  
  455.00 -0.15391    455.00  0.00000  
  456.00 -0.15108    456.00  0.00000  
  457.00 -0.14741    457.00  0.00000  
  458.00 -0.14631    458.00  0.00000  
  459.00  0.35134    459.00  0.00000  
  460.00  0.70375    460.00  0.00000  
  461.00  0.94481    461.00  0.00000  
  462.00  1.09677    462.00  0.00000  
  463.00  1.21394    463.00  0.00000  
  464.00  1.28958    464.00  0.00000  
  465.00  1.30943    465.00  0.00000  
  466.00  0.99835    466.00  0.00000  
  467.00  0.68707    467.00  0.00000  
