Date : 2022/09/08 (THU)
Time : 10:05:04
   Film : Pattern         Review Cam  
     X        Y         X        Y    
    0.00  0.40706      0.00  0.00000  
    1.00  0.16340      1.00  0.00000  
    2.00  0.02878      2.00  0.00000  
    3.00  0.10364      3.00  0.00000  
    4.00  0.10736      4.00  0.00000  
    5.00 -0.03343      5.00  0.00000  
    6.00 -0.03327      6.00  0.00000  
    7.00 -0.01562      7.00  0.00000  
    8.00  0.00853      8.00  0.00000  
    9.00  0.02496      9.00  0.00000  
   10.00  0.01117     10.00  0.00000  
   11.00  0.00886     11.00  0.00000  
   12.00 -0.00475     12.00  0.00000  
   13.00  0.00000     13.00  0.00000  
   14.00  0.01095     14.00  0.00000  
   15.00  0.00661     15.00  0.00000  
   16.00  0.00354     16.00  0.00000  
   17.00  0.00000     17.00  0.00000  
   18.00  0.00000     18.00  0.00000  
   19.00 -0.00662     19.00  0.00000  
   20.00  0.00000     20.00  0.00000  
   21.00  0.00000     21.00  0.00000  
   22.00  0.00582     22.00  0.00000  
   23.00  0.00000     23.00  0.00000  
   24.00  0.01454     24.00  0.00000  
   25.00  0.00000     25.00  0.00000  
   26.00  0.00000     26.00  0.00000  
   27.00  0.00679     27.00  0.00000  
   28.00  0.00000     28.00  0.00000  
   29.00 -0.01354     29.00  0.00000  
   30.00 -0.01049     30.00  0.00000  
   31.00 -0.01461     31.00  0.00000  
   32.00 -0.00972     32.00  0.00000  
   33.00  0.00000     33.00  0.00000  
   34.00 -0.00344     34.00  0.00000  
   35.00  0.00000     35.00  0.00000  
   36.00  0.00000     36.00  0.00000  
   37.00  0.00986     37.00  0.00000  
   38.00  0.00000     38.00  0.00000  
   39.00  0.00000     39.00  0.00000  
   40.00  0.00328     40.00  0.00000  
   41.00 -0.00371     41.00  0.00000  
   42.00 -0.00368     42.00  0.00000  
   43.00  0.01309     43.00  0.00000  
   44.00  0.00708     44.00  0.00000  
   45.00  0.01398     45.00  0.00000  
   46.00  0.00399     46.00  0.00000  
   47.00  0.00000     47.00  0.00000  
   48.00  0.00603     48.00  0.00000  
   49.00 -0.01402     49.00  0.00000  
   50.00 -0.01106     50.00  0.00000  
   51.00 -0.00758     51.00  0.00000  
   52.00  0.00000     52.00  0.00000  
   53.00  0.01176     53.00  0.00000  
   54.00  0.00000     54.00  0.00000  
   55.00  0.00546     55.00  0.00000  
   56.00  0.00822     56.00  0.00000  
   57.00 -0.00559     57.00  0.00000  
   58.00 -0.00819     58.00  0.00000  
   59.00 -0.00434     59.00  0.00000  
   60.00  0.00874     60.00  0.00000  
   61.00  0.00000     61.00  0.00000  
   62.00  0.00000     62.00  0.00000  
   63.00  0.00000     63.00  0.00000  
   64.00  0.00000     64.00  0.00000  
   65.00 -0.00423     65.00  0.00000  
   66.00  0.00663     66.00  0.00000  
   67.00  0.02376     67.00  0.00000  
   68.00  0.00685     68.00  0.00000  
   69.00  0.00497     69.00  0.00000  
   70.00  0.00592     70.00  0.00000  
   71.00  0.00000     71.00  0.00000  
   72.00 -0.00453     72.00  0.00000  
   73.00 -0.00587     73.00  0.00000  
   74.00  0.01325     74.00  0.00000  
   75.00  0.00582     75.00  0.00000  
   76.00  0.00945     76.00  0.00000  
   77.00  0.00000     77.00  0.00000  
   78.00  0.00000     78.00  0.00000  
   79.00 -0.00683     79.00  0.00000  
   80.00  0.00319     80.00  0.00000  
   81.00  0.00000     81.00  0.00000  
   82.00 -0.04606     82.00  0.00000  
   83.00 -0.03407     83.00  0.00000  
   84.00 -0.00333     84.00  0.00000  
   85.00  0.02408     85.00  0.00000  
   86.00  0.03074     86.00  0.00000  
   87.00  0.00000     87.00  0.00000  
   88.00 -0.01091     88.00  0.00000  
   89.00 -0.00465     89.00  0.00000  
   90.00  0.00000     90.00  0.00000  
   91.00 -0.00549     91.00  0.00000  
   92.00 -0.00695     92.00  0.00000  
   93.00  0.00428     93.00  0.00000  
   94.00  0.00773     94.00  0.00000  
   95.00  0.00387     95.00  0.00000  
   96.00 -0.00858     96.00  0.00000  
   97.00 -0.00659     97.00  0.00000  
   98.00 -0.00818     98.00  0.00000  
   99.00 -0.01458     99.00  0.00000  
  100.00 -0.01728    100.00  0.00000  
  101.00  0.00856    101.00  0.00000  
  102.00  0.02183    102.00  0.00000  
  103.00  0.00771    103.00  0.00000  
  104.00 -0.00366    104.00  0.00000  
  105.00 -0.00612    105.00  0.00000  
  106.00 -0.00494    106.00  0.00000  
  107.00 -0.00851    107.00  0.00000  
  108.00 -0.01399    108.00  0.00000  
  109.00  0.00000    109.00  0.00000  
  110.00  0.01200    110.00  0.00000  
  111.00  0.00690    111.00  0.00000  
  112.00  0.00000    112.00  0.00000  
  113.00 -0.00724    113.00  0.00000  
  114.00  0.00000    114.00  0.00000  
  115.00 -0.00722    115.00  0.00000  
  116.00  0.00000    116.00  0.00000  
  117.00  0.01044    117.00  0.00000  
  118.00  0.01194    118.00  0.00000  
  119.00  0.00000    119.00  0.00000  
  120.00  0.00000    120.00  0.00000  
  121.00  0.00504    121.00  0.00000  
  122.00  0.00000    122.00  0.00000  
  123.00 -0.00848    123.00  0.00000  
  124.00 -0.00535    124.00  0.00000  
  125.00  0.00507    125.00  0.00000  
  126.00  0.00799    126.00  0.00000  
  127.00  0.00945    127.00  0.00000  
  128.00  0.00000    128.00  0.00000  
  129.00  0.00418    129.00  0.00000  
  130.00  0.00000    130.00  0.00000  
  131.00 -0.00570    131.00  0.00000  
  132.00 -0.00971    132.00  0.00000  
  133.00  0.00000    133.00  0.00000  
  134.00  0.01228    134.00  0.00000  
  135.00  0.00672    135.00  0.00000  
  136.00  0.00000    136.00  0.00000  
  137.00  0.00000    137.00  0.00000  
  138.00 -0.00484    138.00  0.00000  
  139.00 -0.01212    139.00  0.00000  
  140.00 -0.01122    140.00  0.00000  
  141.00  0.00805    141.00  0.00000  
  142.00  0.01271    142.00  0.00000  
  143.00  0.00656    143.00  0.00000  
  144.00  0.00821    144.00  0.00000  
  145.00  0.01343    145.00  0.00000  
  146.00  0.00000    146.00  0.00000  
  147.00 -0.01104    147.00  0.00000  
  148.00 -0.01431    148.00  0.00000  
  149.00  0.00450    149.00  0.00000  
  150.00  0.01014    150.00  0.00000  
  151.00  0.02062    151.00  0.00000  
  152.00  0.00752    152.00  0.00000  
  153.00 -0.00630    153.00  0.00000  
  154.00 -0.01259    154.00  0.00000  
  155.00  0.00479    155.00  0.00000  
  156.00  0.00950    156.00  0.00000  
  157.00  0.00000    157.00  0.00000  
  158.00  0.00000    158.00  0.00000  
  159.00  0.00000    159.00  0.00000  
  160.00  0.00000    160.00  0.00000  
  161.00  0.00000    161.00  0.00000  
  162.00  0.00000    162.00  0.00000  
  163.00 -0.01005    163.00  0.00000  
  164.00 -0.01136    164.00  0.00000  
  165.00  0.00417    165.00  0.00000  
  166.00  0.01421    166.00  0.00000  
  167.00  0.00000    167.00  0.00000  
  168.00 -0.00467    168.00  0.00000  
  169.00  0.00000    169.00  0.00000  
  170.00  0.00000    170.00  0.00000  
  171.00 -0.00404    171.00  0.00000  
  172.00 -0.00693    172.00  0.00000  
  173.00  0.00451    173.00  0.00000  
  174.00  0.01059    174.00  0.00000  
  175.00  0.00995    175.00  0.00000  
  176.00  0.00399    176.00  0.00000  
  177.00  0.00000    177.00  0.00000  
  178.00 -0.00918    178.00  0.00000  
  179.00 -0.01460    179.00  0.00000  
  180.00 -0.00873    180.00  0.00000  
  181.00  0.00331    181.00  0.00000  
  182.00  0.01223    182.00  0.00000  
  183.00  0.00615    183.00  0.00000  
  184.00  0.00000    184.00  0.00000  
  185.00  0.00000    185.00  0.00000  
  186.00  0.00000    186.00  0.00000  
  187.00 -0.00547    187.00  0.00000  
  188.00 -0.01097    188.00  0.00000  
  189.00  0.00000    189.00  0.00000  
  190.00  0.00655    190.00  0.00000  
  191.00  0.00382    191.00  0.00000  
  192.00 -0.00311    192.00  0.00000  
  193.00  0.00000    193.00  0.00000  
  194.00  0.00000    194.00  0.00000  
  195.00 -0.01050    195.00  0.00000  
  196.00 -0.01106    196.00  0.00000  
  197.00  0.01062    197.00  0.00000  
  198.00  0.01539    198.00  0.00000  
  199.00  0.00415    199.00  0.00000  
  200.00 -0.00335    200.00  0.00000  
  201.00  0.00000    201.00  0.00000  
  202.00 -0.01136    202.00  0.00000  
  203.00 -0.01359    203.00  0.00000  
  204.00 -0.01419    204.00  0.00000  
  205.00  0.00000    205.00  0.00000  
  206.00  0.00538    206.00  0.00000  
  207.00  0.00000    207.00  0.00000  
  208.00  0.00000    208.00  0.00000  
  209.00  0.00000    209.00  0.00000  
  210.00 -0.01195    210.00  0.00000  
  211.00 -0.01691    211.00  0.00000  
  212.00 -0.01381    212.00  0.00000  
  213.00  0.00823    213.00  0.00000  
  214.00  0.01228    214.00  0.00000  
  215.00  0.00000    215.00  0.00000  
  216.00 -0.01199    216.00  0.00000  
  217.00 -0.00847    217.00  0.00000  
  218.00 -0.01145    218.00  0.00000  
  219.00 -0.01622    219.00  0.00000  
  220.00 -0.00898    220.00  0.00000  
  221.00  0.00852    221.00  0.00000  
  222.00  0.01394    222.00  0.00000  
  223.00  0.00000    223.00  0.00000  
  224.00 -0.00506    224.00  0.00000  
  225.00  0.00000    225.00  0.00000  
  226.00 -0.00436    226.00  0.00000  
  227.00 -0.00688    227.00  0.00000  
  228.00  0.00000    228.00  0.00000  
  229.00  0.01235    229.00  0.00000  
  230.00  0.01296    230.00  0.00000  
  231.00  0.00000    231.00  0.00000  
  232.00 -0.00735    232.00  0.00000  
  233.00  0.00000    233.00  0.00000  
  234.00  0.00507    234.00  0.00000  
  235.00 -0.00338    235.00  0.00000  
  236.00 -0.00513    236.00  0.00000  
  237.00  0.01449    237.00  0.00000  
  238.00  0.01827    238.00  0.00000  
  239.00  0.01125    239.00  0.00000  
  240.00  0.00000    240.00  0.00000  
  241.00  0.00000    241.00  0.00000  
  242.00  0.00000    242.00  0.00000  
  243.00 -0.01125    243.00  0.00000  
  244.00 -0.01230    244.00  0.00000  
  245.00  0.00000    245.00  0.00000  
  246.00  0.01566    246.00  0.00000  
  247.00  0.00636    247.00  0.00000  
  248.00  0.00000    248.00  0.00000  
  249.00  0.00000    249.00  0.00000  
  250.00 -0.00410    250.00  0.00000  
  251.00 -0.01238    251.00  0.00000  
  252.00 -0.01049    252.00  0.00000  
  253.00  0.00431    253.00  0.00000  
  254.00  0.00446    254.00  0.00000  
  255.00  0.00000    255.00  0.00000  
  256.00  0.00000    256.00  0.00000  
  257.00  0.00476    257.00  0.00000  
  258.00  0.00000    258.00  0.00000  
  259.00 -0.01328    259.00  0.00000  
  260.00 -0.01100    260.00  0.00000  
  261.00  0.00000    261.00  0.00000  
  262.00  0.00989    262.00  0.00000  
  263.00  0.00000    263.00  0.00000  
  264.00 -0.00488    264.00  0.00000  
  265.00  0.00000    265.00  0.00000  
  266.00  0.00534    266.00  0.00000  
  267.00 -0.00311    267.00  0.00000  
  268.00 -0.00842    268.00  0.00000  
  269.00  0.00000    269.00  0.00000  
  270.00  0.01016    270.00  0.00000  
  271.00  0.00338    271.00  0.00000  
  272.00 -0.00716    272.00  0.00000  
  273.00 -0.00497    273.00  0.00000  
  274.00  0.00000    274.00  0.00000  
  275.00 -0.00651    275.00  0.00000  
  276.00 -0.00873    276.00  0.00000  
  277.00  0.01122    277.00  0.00000  
  278.00  0.02067    278.00  0.00000  
  279.00  0.00872    279.00  0.00000  
  280.00  0.00513    280.00  0.00000  
  281.00  0.00000    281.00  0.00000  
  282.00 -0.00358    282.00  0.00000  
  283.00 -0.01298    283.00  0.00000  
  284.00 -0.01402    284.00  0.00000  
  285.00  0.01022    285.00  0.00000  
  286.00  0.02020    286.00  0.00000  
  287.00  0.00000    287.00  0.00000  
  288.00  0.00000    288.00  0.00000  
  289.00  0.00000    289.00  0.00000  
  290.00 -0.00305    290.00  0.00000  
  291.00 -0.00697    291.00  0.00000  
  292.00 -0.00408    292.00  0.00000  
  293.00  0.01187    293.00  0.00000  
  294.00  0.01501    294.00  0.00000  
  295.00  0.00973    295.00  0.00000  
  296.00  0.00325    296.00  0.00000  
  297.00  0.00000    297.00  0.00000  
  298.00 -0.00422    298.00  0.00000  
  299.00 -0.01420    299.00  0.00000  
  300.00 -0.00983    300.00  0.00000  
  301.00  0.00789    301.00  0.00000  
  302.00  0.01649    302.00  0.00000  
  303.00  0.00660    303.00  0.00000  
  304.00  0.00000    304.00  0.00000  
  305.00  0.00000    305.00  0.00000  
  306.00  0.00000    306.00  0.00000  
  307.00 -0.00780    307.00  0.00000  
  308.00 -0.00995    308.00  0.00000  
  309.00  0.01232    309.00  0.00000  
  310.00  0.01525    310.00  0.00000  
  311.00  0.00504    311.00  0.00000  
  312.00 -0.00548    312.00  0.00000  
  313.00 -0.01529    313.00  0.00000  
  314.00 -0.00967    314.00  0.00000  
  315.00 -0.00749    315.00  0.00000  
  316.00 -0.00546    316.00  0.00000  
  317.00  0.01043    317.00  0.00000  
  318.00  0.02071    318.00  0.00000  
  319.00  0.01090    319.00  0.00000  
  320.00  0.00000    320.00  0.00000  
  321.00  0.00000    321.00  0.00000  
  322.00  0.00000    322.00  0.00000  
  323.00  0.00000    323.00  0.00000  
  324.00  0.00000    324.00  0.00000  
  325.00  0.00745    325.00  0.00000  
  326.00  0.01078    326.00  0.00000  
  327.00  0.00318    327.00  0.00000  
  328.00  0.00405    328.00  0.00000  
  329.00  0.00536    329.00  0.00000  
  330.00  0.00000    330.00  0.00000  
  331.00 -0.00499    331.00  0.00000  
  332.00 -0.00608    332.00  0.00000  
  333.00  0.00922    333.00  0.00000  
  334.00  0.01178    334.00  0.00000  
  335.00  0.00000    335.00  0.00000  
  336.00 -0.01015    336.00  0.00000  
  337.00 -0.01665    337.00  0.00000  
  338.00 -0.00670    338.00  0.00000  
  339.00 -0.00811    339.00  0.00000  
  340.00 -0.01221    340.00  0.00000  
  341.00  0.00000    341.00  0.00000  
  342.00  0.00000    342.00  0.00000  
  343.00  0.00000    343.00  0.00000  
  344.00 -0.00469    344.00  0.00000  
  345.00 -0.00357    345.00  0.00000  
  346.00 -0.00843    346.00  0.00000  
  347.00 -0.01076    347.00  0.00000  
  348.00 -0.01170    348.00  0.00000  
  349.00  0.00364    349.00  0.00000  
  350.00  0.01196    350.00  0.00000  
  351.00  0.00000    351.00  0.00000  
  352.00 -0.00729    352.00  0.00000  
  353.00 -0.00305    353.00  0.00000  
  354.00 -0.00358    354.00  0.00000  
  355.00 -0.00623    355.00  0.00000  
  356.00 -0.00903    356.00  0.00000  
  357.00  0.01217    357.00  0.00000  
  358.00  0.01721    358.00  0.00000  
  359.00  0.00883    359.00  0.00000  
  360.00  0.00610    360.00  0.00000  
  361.00  0.00494    361.00  0.00000  
  362.00 -0.00360    362.00  0.00000  
  363.00 -0.01204    363.00  0.00000  
  364.00 -0.01149    364.00  0.00000  
  365.00  0.00487    365.00  0.00000  
  366.00  0.01207    366.00  0.00000  
  367.00 -0.00347    367.00  0.00000  
  368.00 -0.00593    368.00  0.00000  
  369.00  0.00000    369.00  0.00000  
  370.00 -0.00790    370.00  0.00000  
  371.00 -0.00939    371.00  0.00000  
  372.00  0.00839    372.00  0.00000  
  373.00  0.00964    373.00  0.00000  
  374.00  0.00000    374.00  0.00000  
  375.00 -0.00354    375.00  0.00000  
  376.00  0.00000    376.00  0.00000  
  377.00  0.00000    377.00  0.00000  
  378.00  0.00000    378.00  0.00000  
  379.00 -0.01175    379.00  0.00000  
  380.00 -0.01065    380.00  0.00000  
  381.00  0.00000    381.00  0.00000  
  382.00  0.01453    382.00  0.00000  
  383.00  0.01470    383.00  0.00000  
  384.00  0.00788    384.00  0.00000  
  385.00  0.00000    385.00  0.00000  
  386.00  0.00000    386.00  0.00000  
  387.00 -0.00499    387.00  0.00000  
  388.00 -0.00579    388.00  0.00000  
  389.00  0.01043    389.00  0.00000  
  390.00  0.01738    390.00  0.00000  
  391.00  0.01545    391.00  0.00000  
  392.00  0.00000    392.00  0.00000  
  393.00  0.00000    393.00  0.00000  
  394.00 -0.00787    394.00  0.00000  
  395.00 -0.01575    395.00  0.00000  
  396.00 -0.01553    396.00  0.00000  
  397.00  0.00000    397.00  0.00000  
  398.00  0.01952    398.00  0.00000  
  399.00  0.02222    399.00  0.00000  
  400.00  0.01023    400.00  0.00000  
  401.00  0.00501    401.00  0.00000  
  402.00 -0.00454    402.00  0.00000  
  403.00 -0.01619    403.00  0.00000  
  404.00 -0.01067    404.00  0.00000  
  405.00  0.01013    405.00  0.00000  
  406.00  0.01328    406.00  0.00000  
  407.00  0.00000    407.00  0.00000  
  408.00 -0.00703    408.00  0.00000  
  409.00 -0.00447    409.00  0.00000  
  410.00 -0.00764    410.00  0.00000  
  411.00 -0.00977    411.00  0.00000  
  412.00  0.00000    412.00  0.00000  
  413.00  0.01260    413.00  0.00000  
  414.00  0.01737    414.00  0.00000  
  415.00  0.00846    415.00  0.00000  
  416.00  0.00000    416.00  0.00000  
  417.00 -0.00961    417.00  0.00000  
  418.00 -0.01660    418.00  0.00000  
  419.00 -0.01357    419.00  0.00000  
  420.00 -0.00823    420.00  0.00000  
  421.00  0.01429    421.00  0.00000  
  422.00  0.01694    422.00  0.00000  
  423.00  0.01099    423.00  0.00000  
  424.00  0.00000    424.00  0.00000  
  425.00  0.00000    425.00  0.00000  
  426.00  0.00362    426.00  0.00000  
  427.00  0.00000    427.00  0.00000  
  428.00 -0.01376    428.00  0.00000  
  429.00  0.00000    429.00  0.00000  
  430.00  0.00406    430.00  0.00000  
  431.00  0.00555    431.00  0.00000  
  432.00  0.00000    432.00  0.00000  
  433.00 -0.00348    433.00  0.00000  
  434.00 -0.00525    434.00  0.00000  
  435.00 -0.00847    435.00  0.00000  
  436.00 -0.01309    436.00  0.00000  
  437.00  0.00349    437.00  0.00000  
  438.00  0.02255    438.00  0.00000  
  439.00  0.01052    439.00  0.00000  
  440.00  0.00000    440.00  0.00000  
  441.00  0.00000    441.00  0.00000  
  442.00 -0.01307    442.00  0.00000  
  443.00 -0.02001    443.00  0.00000  
  444.00 -0.01861    444.00  0.00000  
  445.00  0.00000    445.00  0.00000  
  446.00  0.00921    446.00  0.00000  
  447.00  0.01360    447.00  0.00000  
  448.00  0.01201    448.00  0.00000  
  449.00  0.01199    449.00  0.00000  
  450.00  0.00000    450.00  0.00000  
  451.00 -0.00714    451.00  0.00000  
  452.00 -0.01109    452.00  0.00000  
  453.00 -0.00880    453.00  0.00000  
  454.00 -0.00390    454.00  0.00000  
  455.00  0.00000    455.00  0.00000  
  456.00  0.00000    456.00  0.00000  
  457.00  0.00000    457.00  0.00000  
  458.00 -0.01248    458.00  0.00000  
  459.00 -0.00502    459.00  0.00000  
  460.00 -0.00378    460.00  0.00000  
  461.00  0.00000    461.00  0.00000  
  462.00  0.00000    462.00  0.00000  
  463.00  0.00000    463.00  0.00000  
  464.00 -0.01389    464.00  0.00000  
  465.00  0.05191    465.00  0.00000  
  466.00 -0.06542    466.00  0.00000  
  467.00  0.00725    467.00  0.00000  
