Date : 2022/09/24 (SAT)
Time : 08:20:13
   Film : Pattern         Review Cam  
     X        Y         X        Y    
    0.00  0.26762      0.00  0.00000  
    1.00  0.01616      1.00  0.00000  
    2.00  0.00712      2.00  0.00000  
    3.00  0.00915      3.00  0.00000  
    4.00  0.00000      4.00  0.00000  
    5.00 -0.01347      5.00  0.00000  
    6.00 -0.00870      6.00  0.00000  
    7.00 -0.00482      7.00  0.00000  
    8.00 -0.01224      8.00  0.00000  
    9.00  0.00464      9.00  0.00000  
   10.00  0.00000     10.00  0.00000  
   11.00  0.00000     11.00  0.00000  
   12.00 -0.00763     12.00  0.00000  
   13.00 -0.02450     13.00  0.00000  
   14.00 -0.01910     14.00  0.00000  
   15.00 -0.01034     15.00  0.00000  
   16.00  0.00000     16.00  0.00000  
   17.00  0.01088     17.00  0.00000  
   18.00  0.01077     18.00  0.00000  
   19.00  0.00301     19.00  0.00000  
   20.00  0.00000     20.00  0.00000  
   21.00 -0.00929     21.00  0.00000  
   22.00 -0.00703     22.00  0.00000  
   23.00 -0.00855     23.00  0.00000  
   24.00 -0.20566     24.00  0.00000  
   25.00  0.00000     25.00  0.00000  
   26.00  0.01661     26.00  0.00000  
   27.00  0.01531     27.00  0.00000  
   28.00  0.00000     28.00  0.00000  
   29.00 -0.01026     29.00  0.00000  
   30.00  0.00000     30.00  0.00000  
   31.00 -0.00473     31.00  0.00000  
   32.00  0.00000     32.00  0.00000  
   33.00  0.01174     33.00  0.00000  
   34.00  0.01692     34.00  0.00000  
   35.00  0.00750     35.00  0.00000  
   36.00 -0.09633     36.00  0.00000  
   37.00 -0.01968     37.00  0.00000  
   38.00 -0.00346     38.00  0.00000  
   39.00  0.00000     39.00  0.00000  
   40.00 -0.00360     40.00  0.00000  
   41.00  0.00000     41.00  0.00000  
   42.00  0.00971     42.00  0.00000  
   43.00  0.00491     43.00  0.00000  
   44.00  0.00000     44.00  0.00000  
   45.00 -0.01299     45.00  0.00000  
   46.00 -0.01194     46.00  0.00000  
   47.00 -0.05997     47.00  0.00000  
   48.00 -0.00516     48.00  0.00000  
   49.00  0.01568     49.00  0.00000  
   50.00  0.01875     50.00  0.00000  
   51.00  0.01496     51.00  0.00000  
   52.00 -0.00478     52.00  0.00000  
   53.00 -0.01062     53.00  0.00000  
   54.00  0.00000     54.00  0.00000  
   55.00 -0.00329     55.00  0.00000  
   56.00 -0.00352     56.00  0.00000  
   57.00  0.00000     57.00  0.00000  
   58.00  0.00456     58.00  0.00000  
   59.00  0.00913     59.00  0.00000  
   60.00 -0.00924     60.00  0.00000  
   61.00 -0.00823     61.00  0.00000  
   62.00  0.00000     62.00  0.00000  
   63.00  0.00000     63.00  0.00000  
   64.00  0.00740     64.00  0.00000  
   65.00  0.02184     65.00  0.00000  
   66.00  0.01125     66.00  0.00000  
   67.00  0.00704     67.00  0.00000  
   68.00  0.00000     68.00  0.00000  
   69.00  0.00000     69.00  0.00000  
   70.00 -0.00798     70.00  0.00000  
   71.00 -0.01185     71.00  0.00000  
   72.00  0.00000     72.00  0.00000  
   73.00  0.00556     73.00  0.00000  
   74.00  0.00370     74.00  0.00000  
   75.00  0.00000     75.00  0.00000  
   76.00 -0.00609     76.00  0.00000  
   77.00 -0.00666     77.00  0.00000  
   78.00  0.00000     78.00  0.00000  
   79.00 -0.00740     79.00  0.00000  
   80.00 -0.00396     80.00  0.00000  
   81.00  0.00555     81.00  0.00000  
   82.00  0.02157     82.00  0.00000  
   83.00  0.01793     83.00  0.00000  
   84.00  0.00424     84.00  0.00000  
   85.00 -0.01098     85.00  0.00000  
   86.00 -0.01721     86.00  0.00000  
   87.00  0.00000     87.00  0.00000  
   88.00  0.00000     88.00  0.00000  
   89.00  0.00000     89.00  0.00000  
   90.00  0.00000     90.00  0.00000  
   91.00  0.00000     91.00  0.00000  
   92.00 -0.01252     92.00  0.00000  
   93.00 -0.01335     93.00  0.00000  
   94.00 -0.00505     94.00  0.00000  
   95.00  0.00000     95.00  0.00000  
   96.00  0.00000     96.00  0.00000  
   97.00  0.00000     97.00  0.00000  
   98.00  0.00794     98.00  0.00000  
   99.00  0.02163     99.00  0.00000  
  100.00  0.00429    100.00  0.00000  
  101.00 -0.01154    101.00  0.00000  
  102.00 -0.01108    102.00  0.00000  
  103.00  0.01422    103.00  0.00000  
  104.00  0.00000    104.00  0.00000  
  105.00  0.00000    105.00  0.00000  
  106.00  0.02170    106.00  0.00000  
  107.00  0.02671    107.00  0.00000  
  108.00  0.00358    108.00  0.00000  
  109.00 -0.01761    109.00  0.00000  
  110.00 -0.02129    110.00  0.00000  
  111.00  0.00000    111.00  0.00000  
  112.00  0.00000    112.00  0.00000  
  113.00  0.00963    113.00  0.00000  
  114.00  0.00764    114.00  0.00000  
  115.00  0.00000    115.00  0.00000  
  116.00  0.00604    116.00  0.00000  
  117.00 -0.05985    117.00  0.00000  
  118.00 -0.01961    118.00  0.00000  
  119.00  0.00000    119.00  0.00000  
  120.00  0.01121    120.00  0.00000  
  121.00  0.00594    121.00  0.00000  
  122.00 -0.01393    122.00  0.00000  
  123.00 -0.01895    123.00  0.00000  
  124.00 -0.01474    124.00  0.00000  
  125.00  0.01471    125.00  0.00000  
  126.00  0.02417    126.00  0.00000  
  127.00  0.00989    127.00  0.00000  
  128.00 -0.00715    128.00  0.00000  
  129.00 -0.00771    129.00  0.00000  
  130.00  0.00000    130.00  0.00000  
  131.00 -0.00761    131.00  0.00000  
  132.00  0.00000    132.00  0.00000  
  133.00  0.01197    133.00  0.00000  
  134.00  0.00643    134.00  0.00000  
  135.00 -0.00362    135.00  0.00000  
  136.00 -0.01210    136.00  0.00000  
  137.00 -0.00860    137.00  0.00000  
  138.00 -0.01252    138.00  0.00000  
  139.00 -0.01356    139.00  0.00000  
  140.00 -0.00383    140.00  0.00000  
  141.00  0.00748    141.00  0.00000  
  142.00  0.01687    142.00  0.00000  
  143.00 -0.01964    143.00  0.00000  
  144.00  0.00000    144.00  0.00000  
  145.00 -0.00739    145.00  0.00000  
  146.00  0.00648    146.00  0.00000  
  147.00  0.02173    147.00  0.00000  
  148.00  0.01161    148.00  0.00000  
  149.00  0.00000    149.00  0.00000  
  150.00 -0.01472    150.00  0.00000  
  151.00  0.00000    151.00  0.00000  
  152.00  0.00000    152.00  0.00000  
  153.00  0.00504    153.00  0.00000  
  154.00  0.01028    154.00  0.00000  
  155.00  0.00689    155.00  0.00000  
  156.00  0.00983    156.00  0.00000  
  157.00  0.00889    157.00  0.00000  
  158.00 -0.00670    158.00  0.00000  
  159.00 -0.01007    159.00  0.00000  
  160.00  0.00000    160.00  0.00000  
  161.00 -0.00346    161.00  0.00000  
  162.00  0.01072    162.00  0.00000  
  163.00  0.01135    163.00  0.00000  
  164.00  0.00000    164.00  0.00000  
  165.00 -0.02345    165.00  0.00000  
  166.00 -0.02389    166.00  0.00000  
  167.00 -0.02233    167.00  0.00000  
  168.00  0.00000    168.00  0.00000  
  169.00  0.00407    169.00  0.00000  
  170.00  0.00859    170.00  0.00000  
  171.00 -0.01045    171.00  0.00000  
  172.00 -0.02172    172.00  0.00000  
  173.00 -0.01503    173.00  0.00000  
  174.00  0.00393    174.00  0.00000  
  175.00  0.00000    175.00  0.00000  
  176.00 -0.00690    176.00  0.00000  
  177.00  0.01304    177.00  0.00000  
  178.00  0.00000    178.00  0.00000  
  179.00 -0.01049    179.00  0.00000  
  180.00 -0.02778    180.00  0.00000  
  181.00 -0.02817    181.00  0.00000  
  182.00 -0.01422    182.00  0.00000  
  183.00  0.00623    183.00  0.00000  
  184.00  0.01546    184.00  0.00000  
  185.00  0.01509    185.00  0.00000  
  186.00  0.00644    186.00  0.00000  
  187.00  0.00000    187.00  0.00000  
  188.00 -0.01294    188.00  0.00000  
  189.00 -0.00335    189.00  0.00000  
  190.00  0.01637    190.00  0.00000  
  191.00  0.01594    191.00  0.00000  
  192.00  0.01196    192.00  0.00000  
  193.00  0.00923    193.00  0.00000  
  194.00  0.01515    194.00  0.00000  
  195.00  0.00648    195.00  0.00000  
  196.00 -0.00423    196.00  0.00000  
  197.00 -0.01276    197.00  0.00000  
  198.00 -0.01841    198.00  0.00000  
  199.00  0.00000    199.00  0.00000  
  200.00  0.00883    200.00  0.00000  
  201.00  0.01451    201.00  0.00000  
  202.00  0.00000    202.00  0.00000  
  203.00 -0.00912    203.00  0.00000  
  204.00 -0.01412    204.00  0.00000  
  205.00 -0.01040    205.00  0.00000  
  206.00 -0.01010    206.00  0.00000  
  207.00 -0.00878    207.00  0.00000  
  208.00  0.00909    208.00  0.00000  
  209.00  0.01209    209.00  0.00000  
  210.00  0.00000    210.00  0.00000  
  211.00 -0.01152    211.00  0.00000  
  212.00 -0.02472    212.00  0.00000  
  213.00 -0.02120    213.00  0.00000  
  214.00 -0.00997    214.00  0.00000  
  215.00  0.00000    215.00  0.00000  
  216.00  0.00905    216.00  0.00000  
  217.00  0.00533    217.00  0.00000  
  218.00  0.00000    218.00  0.00000  
  219.00  0.00000    219.00  0.00000  
  220.00 -0.00536    220.00  0.00000  
  221.00 -0.00842    221.00  0.00000  
  222.00  0.00478    222.00  0.00000  
  223.00  0.00819    223.00  0.00000  
  224.00  0.00867    224.00  0.00000  
  225.00  0.01954    225.00  0.00000  
  226.00  0.01377    226.00  0.00000  
  227.00  0.00856    227.00  0.00000  
  228.00  0.00000    228.00  0.00000  
  229.00 -0.00590    229.00  0.00000  
  230.00 -0.00510    230.00  0.00000  
  231.00 -0.00355    231.00  0.00000  
  232.00  0.01216    232.00  0.00000  
  233.00  0.02060    233.00  0.00000  
  234.00  0.01535    234.00  0.00000  
  235.00  0.00621    235.00  0.00000  
  236.00 -0.00405    236.00  0.00000  
  237.00  0.00000    237.00  0.00000  
  238.00 -0.00378    238.00  0.00000  
  239.00  0.00609    239.00  0.00000  
  240.00  0.02212    240.00  0.00000  
  241.00  0.03278    241.00  0.00000  
  242.00  0.00773    242.00  0.00000  
  243.00  0.00000    243.00  0.00000  
  244.00 -0.00738    244.00  0.00000  
  245.00 -0.01250    245.00  0.00000  
  246.00 -0.00417    246.00  0.00000  
  247.00 -0.00443    247.00  0.00000  
  248.00  0.00000    248.00  0.00000  
  249.00  0.00849    249.00  0.00000  
  250.00  0.01157    250.00  0.00000  
  251.00  0.00000    251.00  0.00000  
  252.00 -0.00867    252.00  0.00000  
  253.00 -0.01639    253.00  0.00000  
  254.00 -0.00627    254.00  0.00000  
  255.00 -0.00372    255.00  0.00000  
  256.00  0.01118    256.00  0.00000  
  257.00  0.01624    257.00  0.00000  
  258.00  0.01034    258.00  0.00000  
  259.00  0.00000    259.00  0.00000  
  260.00 -0.00811    260.00  0.00000  
  261.00 -0.00974    261.00  0.00000  
  262.00  0.00000    262.00  0.00000  
  263.00 -0.01532    263.00  0.00000  
  264.00  0.00311    264.00  0.00000  
  265.00  0.01405    265.00  0.00000  
  266.00  0.01405    266.00  0.00000  
  267.00 -0.01142    267.00  0.00000  
  268.00 -0.01473    268.00  0.00000  
  269.00  0.00000    269.00  0.00000  
  270.00  0.00543    270.00  0.00000  
  271.00  0.01013    271.00  0.00000  
  272.00  0.02180    272.00  0.00000  
  273.00  0.01941    273.00  0.00000  
  274.00  0.00000    274.00  0.00000  
  275.00 -0.02017    275.00  0.00000  
  276.00 -0.01966    276.00  0.00000  
  277.00 -0.00563    277.00  0.00000  
  278.00 -0.00649    278.00  0.00000  
  279.00  0.00000    279.00  0.00000  
  280.00  0.01238    280.00  0.00000  
  281.00  0.00816    281.00  0.00000  
  282.00 -0.00551    282.00  0.00000  
  283.00 -0.01012    283.00  0.00000  
  284.00 -0.00896    284.00  0.00000  
  285.00 -0.01155    285.00  0.00000  
  286.00 -0.00798    286.00  0.00000  
  287.00  0.01012    287.00  0.00000  
  288.00  0.02090    288.00  0.00000  
  289.00  0.01532    289.00  0.00000  
  290.00  0.00000    290.00  0.00000  
  291.00 -0.00596    291.00  0.00000  
  292.00 -0.00643    292.00  0.00000  
  293.00 -0.00360    293.00  0.00000  
  294.00  0.00000    294.00  0.00000  
  295.00  0.00312    295.00  0.00000  
  296.00  0.00781    296.00  0.00000  
  297.00  0.01059    297.00  0.00000  
  298.00  0.00584    298.00  0.00000  
  299.00  0.00389    299.00  0.00000  
  300.00 -0.00722    300.00  0.00000  
  301.00 -0.01089    301.00  0.00000  
  302.00  0.00000    302.00  0.00000  
  303.00  0.01556    303.00  0.00000  
  304.00  0.02728    304.00  0.00000  
  305.00  0.02569    305.00  0.00000  
  306.00  0.00431    306.00  0.00000  
  307.00 -0.01250    307.00  0.00000  
  308.00 -0.02084    308.00  0.00000  
  309.00  0.00000    309.00  0.00000  
  310.00  0.00000    310.00  0.00000  
  311.00  0.00391    311.00  0.00000  
  312.00  0.00612    312.00  0.00000  
  313.00  0.00348    313.00  0.00000  
  314.00  0.00000    314.00  0.00000  
  315.00 -0.01494    315.00  0.00000  
  316.00 -0.01062    316.00  0.00000  
  317.00 -0.00924    317.00  0.00000  
  318.00 -0.01108    318.00  0.00000  
  319.00  0.00000    319.00  0.00000  
  320.00  0.00534    320.00  0.00000  
  321.00  0.01670    321.00  0.00000  
  322.00  0.00456    322.00  0.00000  
  323.00 -0.00712    323.00  0.00000  
  324.00 -0.00849    324.00  0.00000  
  325.00 -0.01185    325.00  0.00000  
  326.00 -0.01235    326.00  0.00000  
  327.00  0.00000    327.00  0.00000  
  328.00  0.01690    328.00  0.00000  
  329.00  0.00836    329.00  0.00000  
  330.00 -0.00398    330.00  0.00000  
  331.00 -0.01647    331.00  0.00000  
  332.00 -0.01187    332.00  0.00000  
  333.00 -0.01601    333.00  0.00000  
  334.00 -0.00845    334.00  0.00000  
  335.00  0.00594    335.00  0.00000  
  336.00  0.01671    336.00  0.00000  
  337.00  0.01346    337.00  0.00000  
  338.00  0.00462    338.00  0.00000  
  339.00 -0.00747    339.00  0.00000  
  340.00 -0.00827    340.00  0.00000  
  341.00  0.00000    341.00  0.00000  
  342.00 -0.00609    342.00  0.00000  
  343.00  0.00384    343.00  0.00000  
  344.00  0.01181    344.00  0.00000  
  345.00  0.00807    345.00  0.00000  
  346.00  0.00000    346.00  0.00000  
  347.00 -0.01094    347.00  0.00000  
  348.00 -0.01017    348.00  0.00000  
  349.00 -0.00481    349.00  0.00000  
  350.00 -0.00402    350.00  0.00000  
  351.00  0.00883    351.00  0.00000  
  352.00  0.01725    352.00  0.00000  
  353.00  0.01771    353.00  0.00000  
  354.00  0.00000    354.00  0.00000  
  355.00 -0.00542    355.00  0.00000  
  356.00 -0.00800    356.00  0.00000  
  357.00 -0.00786    357.00  0.00000  
  358.00 -0.00909    358.00  0.00000  
  359.00  0.00000    359.00  0.00000  
  360.00  0.00000    360.00  0.00000  
  361.00  0.00338    361.00  0.00000  
  362.00 -0.00705    362.00  0.00000  
  363.00 -0.02147    363.00  0.00000  
  364.00 -0.01787    364.00  0.00000  
  365.00 -0.00812    365.00  0.00000  
  366.00  0.00000    366.00  0.00000  
  367.00  0.01677    367.00  0.00000  
  368.00  0.02232    368.00  0.00000  
  369.00  0.01261    369.00  0.00000  
  370.00  0.00489    370.00  0.00000  
  371.00 -0.00432    371.00  0.00000  
  372.00 -0.00575    372.00  0.00000  
  373.00 -0.00421    373.00  0.00000  
  374.00  0.00000    374.00  0.00000  
  375.00  0.01155    375.00  0.00000  
  376.00  0.01670    376.00  0.00000  
  377.00  0.00962    377.00  0.00000  
  378.00  0.00000    378.00  0.00000  
  379.00 -0.01236    379.00  0.00000  
  380.00 -0.01241    380.00  0.00000  
  381.00 -0.00607    381.00  0.00000  
  382.00 -0.00512    382.00  0.00000  
  383.00  0.00000    383.00  0.00000  
  384.00  0.01635    384.00  0.00000  
  385.00  0.01021    385.00  0.00000  
  386.00  0.00556    386.00  0.00000  
  387.00  0.00000    387.00  0.00000  
  388.00 -0.00962    388.00  0.00000  
  389.00 -0.01563    389.00  0.00000  
  390.00  0.00000    390.00  0.00000  
  391.00  0.00492    391.00  0.00000  
  392.00  0.01141    392.00  0.00000  
  393.00  0.00000    393.00  0.00000  
  394.00 -0.00965    394.00  0.00000  
  395.00 -0.02294    395.00  0.00000  
  396.00 -0.01150    396.00  0.00000  
  397.00 -0.00884    397.00  0.00000  
  398.00 -0.00430    398.00  0.00000  
  399.00  0.00764    399.00  0.00000  
  400.00  0.01539    400.00  0.00000  
  401.00  0.01062    401.00  0.00000  
  402.00  0.00000    402.00  0.00000  
  403.00  0.00000    403.00  0.00000  
  404.00  0.00000    404.00  0.00000  
  405.00  0.00000    405.00  0.00000  
  406.00 -0.00606    406.00  0.00000  
  407.00  0.00000    407.00  0.00000  
  408.00  0.00713    408.00  0.00000  
  409.00  0.00595    409.00  0.00000  
  410.00 -0.00494    410.00  0.00000  
  411.00 -0.01331    411.00  0.00000  
  412.00 -0.00683    412.00  0.00000  
  413.00  0.00000    413.00  0.00000  
  414.00  0.00000    414.00  0.00000  
  415.00  0.00000    415.00  0.00000  
  416.00  0.01417    416.00  0.00000  
  417.00  0.02408    417.00  0.00000  
  418.00  0.00635    418.00  0.00000  
  419.00  0.00000    419.00  0.00000  
  420.00  0.00333    420.00  0.00000  
  421.00  0.00000    421.00  0.00000  
  422.00 -0.00487    422.00  0.00000  
  423.00  0.00623    423.00  0.00000  
  424.00  0.01722    424.00  0.00000  
  425.00  0.01529    425.00  0.00000  
  426.00  0.00000    426.00  0.00000  
  427.00 -0.01556    427.00  0.00000  
  428.00 -0.01950    428.00  0.00000  
  429.00  0.00000    429.00  0.00000  
  430.00  0.00388    430.00  0.00000  
  431.00  0.00685    431.00  0.00000  
  432.00  0.00897    432.00  0.00000  
  433.00  0.00779    433.00  0.00000  
  434.00  0.00529    434.00  0.00000  
  435.00  0.00427    435.00  0.00000  
  436.00  0.00000    436.00  0.00000  
  437.00  0.00000    437.00  0.00000  
  438.00 -0.01091    438.00  0.00000  
  439.00 -0.00441    439.00  0.00000  
  440.00  0.00740    440.00  0.00000  
  441.00  0.01108    441.00  0.00000  
  442.00  0.00000    442.00  0.00000  
  443.00 -0.01577    443.00  0.00000  
  444.00 -0.02871    444.00  0.00000  
  445.00 -0.01837    445.00  0.00000  
  446.00 -0.00530    446.00  0.00000  
  447.00  0.01229    447.00  0.00000  
  448.00  0.02247    448.00  0.00000  
  449.00  0.00858    449.00  0.00000  
  450.00  0.00000    450.00  0.00000  
  451.00 -0.00805    451.00  0.00000  
  452.00 -0.01016    452.00  0.00000  
  453.00 -0.00307    453.00  0.00000  
  454.00  0.00000    454.00  0.00000  
  455.00  0.00578    455.00  0.00000  
  456.00  0.01019    456.00  0.00000  
  457.00  0.00560    457.00  0.00000  
  458.00 -0.00579    458.00  0.00000  
  459.00 -0.01391    459.00  0.00000  
  460.00 -0.01326    460.00  0.00000  
  461.00 -0.00571    461.00  0.00000  
  462.00  0.00000    462.00  0.00000  
  463.00  0.00943    463.00  0.00000  
  464.00  0.01469    464.00  0.00000  
  465.00  0.01049    465.00  0.00000  
  466.00  0.00000    466.00  0.00000  
  467.00 -0.00668    467.00  0.00000  
  468.00 -0.00939    468.00  0.00000  
  469.00 -0.00892    469.00  0.00000  
  470.00 -0.00441    470.00  0.00000  
  471.00  0.00759    471.00  0.00000  
  472.00  0.01519    472.00  0.00000  
  473.00  0.01503    473.00  0.00000  
  474.00  0.00000    474.00  0.00000  
  475.00 -0.01758    475.00  0.00000  
  476.00 -0.01505    476.00  0.00000  
  477.00 -0.00804    477.00  0.00000  
  478.00 -0.00455    478.00  0.00000  
  479.00  0.00371    479.00  0.00000  
  480.00  0.01232    480.00  0.00000  
  481.00  0.00609    481.00  0.00000  
  482.00  0.00000    482.00  0.00000  
  483.00 -0.00842    483.00  0.00000  
  484.00 -0.00506    484.00  0.00000  
  485.00  0.00000    485.00  0.00000  
  486.00 -0.00594    486.00  0.00000  
  487.00  0.00000    487.00  0.00000  
  488.00  0.00601    488.00  0.00000  
  489.00  0.01245    489.00  0.00000  
  490.00  0.00000    490.00  0.00000  
  491.00 -0.00385    491.00  0.00000  
  492.00 -0.00831    492.00  0.00000  
  493.00 -0.01102    493.00  0.00000  
  494.00 -0.00811    494.00  0.00000  
  495.00  0.00590    495.00  0.00000  
  496.00  0.01307    496.00  0.00000  
  497.00  0.00620    497.00  0.00000  
  498.00 -0.00305    498.00  0.00000  
  499.00 -0.01295    499.00  0.00000  
  500.00 -0.00940    500.00  0.00000  
  501.00 -0.00345    501.00  0.00000  
  502.00  0.00000    502.00  0.00000  
  503.00  0.00000    503.00  0.00000  
  504.00  0.01113    504.00  0.00000  
  505.00  0.00868    505.00  0.00000  
  506.00  0.00000    506.00  0.00000  
  507.00 -0.00934    507.00  0.00000  
  508.00 -0.01632    508.00  0.00000  
  509.00 -0.01291    509.00  0.00000  
  510.00 -0.00512    510.00  0.00000  
  511.00  0.00599    511.00  0.00000  
  512.00  0.01304    512.00  0.00000  
  513.00  0.00885    513.00  0.00000  
  514.00  0.00000    514.00  0.00000  
  515.00 -0.01311    515.00  0.00000  
  516.00 -0.00827    516.00  0.00000  
  517.00  0.00489    517.00  0.00000  
  518.00  0.00408    518.00  0.00000  
  519.00  0.00000    519.00  0.00000  
  520.00  0.01086    520.00  0.00000  
  521.00  0.03207    521.00  0.00000  
  522.00 -0.01036    522.00  0.00000  
