Date : 2022/09/24 (SAT)
Time : 08:20:08
   Film : Pattern         Review Cam  
     X        Y         X        Y    
    0.00 -1.82451      0.00  0.00000  
    1.00 -2.32833      1.00  0.00000  
    2.00 -1.80754      2.00  0.00000  
    3.00 -1.33276      3.00  0.00000  
    4.00 -0.97101      4.00  0.00000  
    5.00 -0.73508      5.00  0.00000  
    6.00 -0.55745      6.00  0.00000  
    7.00 -0.46659      7.00  0.00000  
    8.00 -0.37961      8.00  0.00000  
    9.00 -0.33115      9.00  0.00000  
   10.00 -0.30421     10.00  0.00000  
   11.00 -0.25114     11.00  0.00000  
   12.00 -0.21718     12.00  0.00000  
   13.00 -0.20283     13.00  0.00000  
   14.00 -0.15777     14.00  0.00000  
   15.00 -0.14703     15.00  0.00000  
   16.00 -0.15336     16.00  0.00000  
   17.00 -0.17382     17.00  0.00000  
   18.00 -0.18264     18.00  0.00000  
   19.00 -0.18474     19.00  0.00000  
   20.00 -0.17384     20.00  0.00000  
   21.00 -0.15687     21.00  0.00000  
   22.00 -0.13967     22.00  0.00000  
   23.00 -0.12999     23.00  0.00000  
   24.00 -0.12944     24.00  0.00000  
   25.00 -0.11582     25.00  0.00000  
   26.00 -0.12827     26.00  0.00000  
   27.00 -0.11213     27.00  0.00000  
   28.00 -0.11655     28.00  0.00000  
   29.00 -0.10672     29.00  0.00000  
   30.00 -0.09733     30.00  0.00000  
   31.00 -0.09725     31.00  0.00000  
   32.00 -0.08783     32.00  0.00000  
   33.00 -0.10025     33.00  0.00000  
   34.00 -0.10222     34.00  0.00000  
   35.00 -0.10454     35.00  0.00000  
   36.00 -0.10259     36.00  0.00000  
   37.00 -0.06125     37.00  0.00000  
   38.00 -0.07103     38.00  0.00000  
   39.00 -0.08609     39.00  0.00000  
   40.00 -0.07772     40.00  0.00000  
   41.00 -0.09022     41.00  0.00000  
   42.00 -0.09286     42.00  0.00000  
   43.00 -0.09068     43.00  0.00000  
   44.00 -0.08688     44.00  0.00000  
   45.00 -0.08064     45.00  0.00000  
   46.00 -0.07827     46.00  0.00000  
   47.00 -0.06069     47.00  0.00000  
   48.00 -0.05945     48.00  0.00000  
   49.00 -0.09849     49.00  0.00000  
   50.00 -0.11113     50.00  0.00000  
   51.00 -0.10479     51.00  0.00000  
   52.00 -0.09596     52.00  0.00000  
   53.00 -0.02859     53.00  0.00000  
   54.00 -0.02540     54.00  0.00000  
   55.00 -0.03136     55.00  0.00000  
   56.00  0.00000     56.00  0.00000  
   57.00 -0.03330     57.00  0.00000  
   58.00 -0.05802     58.00  0.00000  
   59.00 -0.05993     59.00  0.00000  
   60.00 -1.14259     60.00  0.00000  
   61.00 -2.18758     61.00  0.00000  
   62.00 -1.79186     62.00  0.00000  
   63.00 -1.31189     63.00  0.00000  
   64.00 -0.89445     64.00  0.00000  
   65.00 -0.63534     65.00  0.00000  
   66.00 -0.51308     66.00  0.00000  
   67.00 -0.38086     67.00  0.00000  
   68.00 -0.27056     68.00  0.00000  
   69.00 -0.19793     69.00  0.00000  
   70.00 -0.15992     70.00  0.00000  
   71.00 -0.12088     71.00  0.00000  
   72.00 -0.08016     72.00  0.00000  
   73.00 -0.07619     73.00  0.00000  
   74.00 -0.10025     74.00  0.00000  
   75.00 -0.10267     75.00  0.00000  
   76.00 -0.08819     76.00  0.00000  
   77.00 -0.06831     77.00  0.00000  
   78.00 -0.07713     78.00  0.00000  
   79.00 -0.07696     79.00  0.00000  
   80.00 -0.06877     80.00  0.00000  
   81.00 -0.08806     81.00  0.00000  
   82.00 -0.09975     82.00  0.00000  
   83.00 -0.11962     83.00  0.00000  
   84.00 -0.11780     84.00  0.00000  
   85.00 -0.09996     85.00  0.00000  
   86.00 -0.08908     86.00  0.00000  
   87.00 -0.07885     87.00  0.00000  
   88.00 -0.08443     88.00  0.00000  
   89.00 -0.12881     89.00  0.00000  
   90.00 -0.15577     90.00  0.00000  
   91.00 -0.15851     91.00  0.00000  
   92.00 -0.13345     92.00  0.00000  
   93.00 -0.11860     93.00  0.00000  
   94.00 -0.11865     94.00  0.00000  
   95.00 -0.09698     95.00  0.00000  
   96.00 -0.11203     96.00  0.00000  
   97.00 -0.15437     97.00  0.00000  
   98.00 -0.16783     98.00  0.00000  
   99.00 -0.12343     99.00  0.00000  
  100.00 -0.13140    100.00  0.00000  
  101.00 -0.13110    101.00  0.00000  
  102.00 -0.12763    102.00  0.00000  
  103.00 -0.13467    103.00  0.00000  
  104.00 -0.14640    104.00  0.00000  
  105.00 -0.17831    105.00  0.00000  
  106.00 -0.20826    106.00  0.00000  
  107.00 -0.20652    107.00  0.00000  
  108.00 -0.27024    108.00  0.00000  
  109.00 -0.26052    109.00  0.00000  
  110.00 -0.25122    110.00  0.00000  
  111.00 -0.24678    111.00  0.00000  
  112.00 -0.21782    112.00  0.00000  
  113.00 -0.24292    113.00  0.00000  
  114.00 -0.26254    114.00  0.00000  
  115.00 -0.25245    115.00  0.00000  
  116.00 -0.42730    116.00  0.00000  
  117.00 -0.79950    117.00  0.00000  
  118.00 -0.69735    118.00  0.00000  
  119.00 -0.57529    119.00  0.00000  
  120.00 -0.48753    120.00  0.00000  
  121.00 -0.36489    121.00  0.00000  
  122.00 -0.27654    122.00  0.00000  
  123.00 -0.19110    123.00  0.00000  
  124.00 -0.17503    124.00  0.00000  
  125.00 -0.17341    125.00  0.00000  
  126.00 -0.17129    126.00  0.00000  
  127.00 -0.17059    127.00  0.00000  
  128.00 -0.13358    128.00  0.00000  
  129.00 -0.10661    129.00  0.00000  
  130.00 -0.09069    130.00  0.00000  
  131.00 -0.08761    131.00  0.00000  
  132.00 -0.11061    132.00  0.00000  
  133.00 -0.15255    133.00  0.00000  
  134.00 -0.15510    134.00  0.00000  
  135.00 -0.13603    135.00  0.00000  
  136.00 -0.11691    136.00  0.00000  
  137.00 -0.10983    137.00  0.00000  
  138.00 -0.09979    138.00  0.00000  
  139.00 -0.08313    139.00  0.00000  
  140.00 -0.10499    140.00  0.00000  
  141.00 -0.12229    141.00  0.00000  
  142.00 -0.08580    142.00  0.00000  
  143.00 -0.13256    143.00  0.00000  
  144.00 -0.14132    144.00  0.00000  
  145.00 -0.11979    145.00  0.00000  
  146.00 -0.13738    146.00  0.00000  
  147.00 -0.14119    147.00  0.00000  
  148.00 -0.13177    148.00  0.00000  
  149.00 -0.13021    149.00  0.00000  
  150.00 -0.11738    150.00  0.00000  
  151.00 -0.08088    151.00  0.00000  
  152.00 -0.08409    152.00  0.00000  
  153.00 -0.07346    153.00  0.00000  
  154.00 -0.10683    154.00  0.00000  
  155.00 -0.12254    155.00  0.00000  
  156.00 -0.13375    156.00  0.00000  
  157.00 -0.14265    157.00  0.00000  
  158.00 -0.12951    158.00  0.00000  
  159.00 -0.10214    159.00  0.00000  
  160.00 -0.09497    160.00  0.00000  
  161.00 -0.08409    161.00  0.00000  
  162.00 -0.09753    162.00  0.00000  
  163.00 -0.11568    163.00  0.00000  
  164.00 -0.13025    164.00  0.00000  
  165.00 -0.10852    165.00  0.00000  
  166.00 -0.09521    166.00  0.00000  
  167.00 -0.09183    167.00  0.00000  
  168.00 -0.11135    168.00  0.00000  
  169.00 -0.12054    169.00  0.00000  
  170.00 -0.11904    170.00  0.00000  
  171.00 -0.12052    171.00  0.00000  
  172.00 -0.10707    172.00  0.00000  
  173.00 -0.08186    173.00  0.00000  
  174.00 -0.08081    174.00  0.00000  
  175.00 -0.07060    175.00  0.00000  
  176.00 -0.10124    176.00  0.00000  
  177.00  0.16675    177.00  0.00000  
  178.00  0.21808    178.00  0.00000  
  179.00  0.17951    179.00  0.00000  
  180.00  0.12944    180.00  0.00000  
  181.00  0.07271    181.00  0.00000  
  182.00  0.03069    182.00  0.00000  
  183.00  0.00000    183.00  0.00000  
  184.00 -0.06696    184.00  0.00000  
  185.00 -0.09891    185.00  0.00000  
  186.00 -0.11696    186.00  0.00000  
  187.00 -0.11799    187.00  0.00000  
  188.00 -0.10802    188.00  0.00000  
  189.00 -0.09134    189.00  0.00000  
  190.00 -0.08127    190.00  0.00000  
  191.00 -0.08074    191.00  0.00000  
  192.00 -0.10531    192.00  0.00000  
  193.00 -0.11458    193.00  0.00000  
  194.00 -0.11370    194.00  0.00000  
  195.00 -0.12386    195.00  0.00000  
  196.00 -0.11168    196.00  0.00000  
  197.00 -0.08704    197.00  0.00000  
  198.00  0.02195    198.00  0.00000  
  199.00  0.03167    199.00  0.00000  
  200.00 -0.02515    200.00  0.00000  
  201.00 -0.07207    201.00  0.00000  
  202.00 -0.08808    202.00  0.00000  
  203.00 -0.09966    203.00  0.00000  
  204.00 -0.08659    204.00  0.00000  
  205.00 -0.07229    205.00  0.00000  
  206.00 -0.08043    206.00  0.00000  
  207.00 -0.06199    207.00  0.00000  
  208.00 -0.08852    208.00  0.00000  
  209.00 -0.09808    209.00  0.00000  
  210.00 -0.10863    210.00  0.00000  
  211.00 -0.10929    211.00  0.00000  
  212.00 -0.08716    212.00  0.00000  
  213.00 -0.07393    213.00  0.00000  
  214.00 -0.06731    214.00  0.00000  
  215.00 -0.06581    215.00  0.00000  
  216.00 -0.08746    216.00  0.00000  
  217.00 -0.10912    217.00  0.00000  
  218.00 -0.10653    218.00  0.00000  
  219.00 -0.10277    219.00  0.00000  
  220.00 -0.08767    220.00  0.00000  
  221.00 -0.07301    221.00  0.00000  
  222.00 -0.06795    222.00  0.00000  
  223.00 -0.06169    223.00  0.00000  
  224.00 -0.08060    224.00  0.00000  
  225.00 -0.09685    225.00  0.00000  
  226.00 -0.11239    226.00  0.00000  
  227.00 -0.10605    227.00  0.00000  
  228.00 -0.09120    228.00  0.00000  
  229.00 -0.07788    229.00  0.00000  
  230.00 -0.07329    230.00  0.00000  
  231.00 -0.07102    231.00  0.00000  
  232.00 -0.08590    232.00  0.00000  
  233.00 -0.10443    233.00  0.00000  
  234.00 -0.11019    234.00  0.00000  
  235.00 -0.11701    235.00  0.00000  
  236.00 -0.09209    236.00  0.00000  
  237.00 -0.07644    237.00  0.00000  
  238.00 -0.07983    238.00  0.00000  
  239.00 -0.07192    239.00  0.00000  
  240.00 -0.09809    240.00  0.00000  
  241.00 -0.12011    241.00  0.00000  
  242.00 -0.11080    242.00  0.00000  
  243.00 -0.11742    243.00  0.00000  
  244.00 -0.10028    244.00  0.00000  
  245.00 -0.08366    245.00  0.00000  
  246.00 -0.07066    246.00  0.00000  
  247.00 -0.05910    247.00  0.00000  
  248.00 -0.08288    248.00  0.00000  
  249.00 -0.10709    249.00  0.00000  
  250.00 -0.11343    250.00  0.00000  
  251.00 -0.05144    251.00  0.00000  
  252.00 -0.24493    252.00  0.00000  
  253.00 -0.25942    253.00  0.00000  
  254.00 -0.22116    254.00  0.00000  
  255.00 -0.16830    255.00  0.00000  
  256.00 -0.14886    256.00  0.00000  
  257.00 -0.13816    257.00  0.00000  
  258.00 -0.12755    258.00  0.00000  
  259.00 -0.11501    259.00  0.00000  
  260.00 -1.08133    260.00  0.00000  
  261.00 -0.98034    261.00  0.00000  
  262.00 -0.73462    262.00  0.00000  
  263.00 -0.53005    263.00  0.00000  
  264.00 -0.38207    264.00  0.00000  
  265.00 -0.31302    265.00  0.00000  
  266.00 -0.03677    266.00  0.00000  
  267.00  0.06087    267.00  0.00000  
  268.00  0.05783    268.00  0.00000  
  269.00  0.04048    269.00  0.00000  
  270.00  0.01675    270.00  0.00000  
  271.00 -0.02224    271.00  0.00000  
  272.00 -0.05334    272.00  0.00000  
  273.00 -0.08509    273.00  0.00000  
  274.00 -0.08697    274.00  0.00000  
  275.00 -0.08220    275.00  0.00000  
  276.00 -0.07424    276.00  0.00000  
  277.00 -0.07188    277.00  0.00000  
  278.00 -0.05826    278.00  0.00000  
  279.00 -0.07414    279.00  0.00000  
  280.00 -0.09112    280.00  0.00000  
  281.00 -0.09615    281.00  0.00000  
  282.00 -0.08985    282.00  0.00000  
  283.00 -0.08089    283.00  0.00000  
  284.00 -0.05535    284.00  0.00000  
  285.00 -0.06869    285.00  0.00000  
  286.00 -0.05429    286.00  0.00000  
  287.00 -0.08093    287.00  0.00000  
  288.00 -0.10561    288.00  0.00000  
  289.00 -0.10980    289.00  0.00000  
  290.00 -0.09996    290.00  0.00000  
  291.00 -0.09522    291.00  0.00000  
  292.00 -0.08033    292.00  0.00000  
  293.00 -0.07454    293.00  0.00000  
  294.00 -0.05781    294.00  0.00000  
  295.00 -0.07424    295.00  0.00000  
  296.00 -0.09204    296.00  0.00000  
  297.00 -0.09294    297.00  0.00000  
  298.00 -0.08858    298.00  0.00000  
  299.00  0.11825    299.00  0.00000  
  300.00  0.15881    300.00  0.00000  
  301.00  0.14550    301.00  0.00000  
  302.00  0.11298    302.00  0.00000  
  303.00  0.03895    303.00  0.00000  
  304.00 -0.02636    304.00  0.00000  
  305.00 -0.06002    305.00  0.00000  
  306.00 -0.06865    306.00  0.00000  
  307.00 -0.06684    307.00  0.00000  
  308.00 -0.06967    308.00  0.00000  
  309.00 -0.06306    309.00  0.00000  
  310.00 -0.06506    310.00  0.00000  
  311.00 -0.09217    311.00  0.00000  
  312.00 -0.10444    312.00  0.00000  
  313.00 -0.11169    313.00  0.00000  
  314.00 -0.11136    314.00  0.00000  
  315.00 -0.09851    315.00  0.00000  
  316.00 -0.08210    316.00  0.00000  
  317.00 -0.08176    317.00  0.00000  
  318.00 -0.07152    318.00  0.00000  
  319.00 -0.08820    319.00  0.00000  
  320.00 -0.09457    320.00  0.00000  
  321.00 -0.10161    321.00  0.00000  
  322.00 -0.10177    322.00  0.00000  
  323.00 -0.09280    323.00  0.00000  
  324.00 -0.07869    324.00  0.00000  
  325.00 -0.07885    325.00  0.00000  
  326.00 -0.07817    326.00  0.00000  
  327.00 -0.08951    327.00  0.00000  
  328.00 -0.09699    328.00  0.00000  
  329.00 -0.09587    329.00  0.00000  
  330.00 -0.09928    330.00  0.00000  
  331.00 -0.08053    331.00  0.00000  
  332.00 -0.06796    332.00  0.00000  
  333.00 -0.06487    333.00  0.00000  
  334.00 -0.05334    334.00  0.00000  
  335.00 -0.07459    335.00  0.00000  
  336.00 -0.10385    336.00  0.00000  
  337.00 -0.11647    337.00  0.00000  
  338.00 -0.10485    338.00  0.00000  
  339.00 -0.08875    339.00  0.00000  
  340.00 -0.07665    340.00  0.00000  
  341.00 -0.06890    341.00  0.00000  
  342.00 -0.06560    342.00  0.00000  
  343.00 -0.08082    343.00  0.00000  
  344.00 -0.09159    344.00  0.00000  
  345.00 -0.10514    345.00  0.00000  
  346.00 -0.09859    346.00  0.00000  
  347.00 -0.09029    347.00  0.00000  
  348.00 -0.07990    348.00  0.00000  
  349.00 -0.07013    349.00  0.00000  
  350.00 -0.06327    350.00  0.00000  
  351.00  0.00000    351.00  0.00000  
  352.00 -0.26155    352.00  0.00000  
  353.00 -0.32448    353.00  0.00000  
  354.00 -0.29082    354.00  0.00000  
  355.00 -0.22321    355.00  0.00000  
  356.00 -0.16371    356.00  0.00000  
  357.00 -0.13506    357.00  0.00000  
  358.00 -0.10524    358.00  0.00000  
  359.00 -0.11192    359.00  0.00000  
  360.00 -0.11477    360.00  0.00000  
  361.00 -0.11754    361.00  0.00000  
  362.00 -0.10987    362.00  0.00000  
  363.00 -0.09374    363.00  0.00000  
  364.00 -0.07539    364.00  0.00000  
  365.00 -0.07493    365.00  0.00000  
  366.00 -0.06286    366.00  0.00000  
  367.00 -0.08466    367.00  0.00000  
  368.00 -0.09734    368.00  0.00000  
  369.00 -0.10500    369.00  0.00000  
  370.00 -0.10344    370.00  0.00000  
  371.00 -0.09292    371.00  0.00000  
  372.00 -0.08051    372.00  0.00000  
  373.00 -0.08760    373.00  0.00000  
  374.00 -0.07784    374.00  0.00000  
  375.00 -0.10243    375.00  0.00000  
  376.00 -0.12100    376.00  0.00000  
  377.00 -0.11986    377.00  0.00000  
  378.00 -0.11792    378.00  0.00000  
  379.00 -0.09429    379.00  0.00000  
  380.00 -0.08952    380.00  0.00000  
  381.00 -0.07736    381.00  0.00000  
  382.00 -0.06542    382.00  0.00000  
  383.00 -0.08831    383.00  0.00000  
  384.00 -0.10181    384.00  0.00000  
  385.00 -0.11449    385.00  0.00000  
  386.00 -0.12123    386.00  0.00000  
  387.00 -0.10365    387.00  0.00000  
  388.00 -0.09530    388.00  0.00000  
  389.00 -0.08640    389.00  0.00000  
  390.00 -0.08396    390.00  0.00000  
  391.00 -0.11596    391.00  0.00000  
  392.00 -0.11906    392.00  0.00000  
  393.00 -0.11563    393.00  0.00000  
  394.00 -0.11042    394.00  0.00000  
  395.00 -0.10186    395.00  0.00000  
  396.00 -0.08165    396.00  0.00000  
  397.00 -0.08451    397.00  0.00000  
  398.00 -0.07941    398.00  0.00000  
  399.00 -0.10798    399.00  0.00000  
  400.00 -0.11721    400.00  0.00000  
  401.00 -0.11968    401.00  0.00000  
  402.00 -0.11550    402.00  0.00000  
  403.00 -0.10808    403.00  0.00000  
  404.00 -0.09330    404.00  0.00000  
  405.00 -0.08884    405.00  0.00000  
  406.00 -0.08276    406.00  0.00000  
  407.00 -0.08885    407.00  0.00000  
  408.00 -0.10027    408.00  0.00000  
  409.00 -0.10402    409.00  0.00000  
  410.00 -0.11663    410.00  0.00000  
  411.00 -0.10575    411.00  0.00000  
  412.00 -0.09762    412.00  0.00000  
  413.00 -0.09699    413.00  0.00000  
  414.00 -0.08326    414.00  0.00000  
  415.00 -0.10812    415.00  0.00000  
  416.00 -0.11764    416.00  0.00000  
  417.00 -0.12288    417.00  0.00000  
  418.00 -0.11763    418.00  0.00000  
  419.00 -0.10106    419.00  0.00000  
  420.00 -0.08292    420.00  0.00000  
  421.00 -0.08925    421.00  0.00000  
  422.00 -0.07893    422.00  0.00000  
  423.00 -0.10803    423.00  0.00000  
  424.00 -0.12774    424.00  0.00000  
  425.00 -0.11992    425.00  0.00000  
  426.00 -0.11523    426.00  0.00000  
  427.00 -0.11525    427.00  0.00000  
  428.00 -0.09588    428.00  0.00000  
  429.00 -0.09216    429.00  0.00000  
  430.00 -0.08291    430.00  0.00000  
  431.00 -0.09790    431.00  0.00000  
  432.00 -0.11565    432.00  0.00000  
  433.00 -0.11876    433.00  0.00000  
  434.00 -0.12561    434.00  0.00000  
  435.00 -0.12397    435.00  0.00000  
  436.00 -0.09985    436.00  0.00000  
  437.00 -0.09457    437.00  0.00000  
  438.00 -0.09674    438.00  0.00000  
  439.00 -0.11488    439.00  0.00000  
  440.00 -0.12587    440.00  0.00000  
  441.00 -0.13039    441.00  0.00000  
  442.00 -0.12821    442.00  0.00000  
  443.00 -0.10841    443.00  0.00000  
  444.00 -0.09157    444.00  0.00000  
  445.00 -0.08493    445.00  0.00000  
  446.00 -0.08467    446.00  0.00000  
  447.00 -0.10734    447.00  0.00000  
  448.00 -0.12758    448.00  0.00000  
  449.00 -0.14175    449.00  0.00000  
  450.00 -0.14315    450.00  0.00000  
  451.00 -0.13119    451.00  0.00000  
  452.00 -0.11589    452.00  0.00000  
  453.00 -0.11776    453.00  0.00000  
  454.00 -0.10142    454.00  0.00000  
  455.00 -0.11514    455.00  0.00000  
  456.00 -0.13001    456.00  0.00000  
  457.00 -0.14413    457.00  0.00000  
  458.00 -0.15363    458.00  0.00000  
  459.00 -0.14107    459.00  0.00000  
  460.00 -0.13234    460.00  0.00000  
  461.00 -0.12938    461.00  0.00000  
  462.00 -0.12477    462.00  0.00000  
  463.00 -0.14305    463.00  0.00000  
  464.00 -0.15148    464.00  0.00000  
  465.00 -0.15445    465.00  0.00000  
  466.00 -0.14630    466.00  0.00000  
  467.00 -0.12024    467.00  0.00000  
  468.00 -0.10085    468.00  0.00000  
  469.00 -0.08832    469.00  0.00000  
  470.00 -0.07172    470.00  0.00000  
  471.00 -0.09483    471.00  0.00000  
  472.00 -0.11631    472.00  0.00000  
  473.00 -0.11492    473.00  0.00000  
  474.00 -0.11534    474.00  0.00000  
  475.00 -0.09936    475.00  0.00000  
  476.00 -0.08869    476.00  0.00000  
  477.00 -0.08712    477.00  0.00000  
  478.00 -0.08237    478.00  0.00000  
  479.00 -0.09838    479.00  0.00000  
  480.00 -0.11167    480.00  0.00000  
  481.00 -0.11524    481.00  0.00000  
  482.00 -0.11045    482.00  0.00000  
  483.00 -0.09969    483.00  0.00000  
  484.00 -0.08252    484.00  0.00000  
  485.00 -0.08177    485.00  0.00000  
  486.00 -0.07774    486.00  0.00000  
  487.00 -0.10174    487.00  0.00000  
  488.00 -0.12348    488.00  0.00000  
  489.00 -0.14816    489.00  0.00000  
  490.00 -0.25414    490.00  0.00000  
  491.00 -0.26084    491.00  0.00000  
  492.00 -0.21467    492.00  0.00000  
  493.00 -0.16617    493.00  0.00000  
  494.00 -0.12606    494.00  0.00000  
  495.00 -0.12438    495.00  0.00000  
  496.00 -0.13251    496.00  0.00000  
  497.00 -0.12563    497.00  0.00000  
  498.00 -0.11791    498.00  0.00000  
  499.00 -0.10988    499.00  0.00000  
  500.00 -0.09847    500.00  0.00000  
  501.00 -0.08822    501.00  0.00000  
  502.00 -0.08103    502.00  0.00000  
  503.00 -0.09314    503.00  0.00000  
  504.00 -0.10541    504.00  0.00000  
  505.00 -0.11339    505.00  0.00000  
  506.00 -0.10345    506.00  0.00000  
  507.00 -0.08487    507.00  0.00000  
  508.00 -0.06699    508.00  0.00000  
  509.00 -0.07530    509.00  0.00000  
  510.00 -0.07092    510.00  0.00000  
  511.00 -0.08706    511.00  0.00000  
  512.00 -0.10975    512.00  0.00000  
  513.00 -0.10993    513.00  0.00000  
  514.00 -0.10110    514.00  0.00000  
  515.00 -0.08497    515.00  0.00000  
  516.00 -0.07997    516.00  0.00000  
  517.00 -0.07974    517.00  0.00000  
  518.00 -0.05670    518.00  0.00000  
  519.00 -0.08126    519.00  0.00000  
  520.00 -0.09285    520.00  0.00000  
  521.00  0.23682    521.00  0.00000  
  522.00  0.64578    522.00  0.00000  
