Date : 2022/09/06 (TUE)
Time : 11:48:15
   Film : Pattern         Review Cam  
     X        Y         X        Y    
    0.00  0.28649      0.00  0.00000  
    1.00  0.28639      1.00  0.00000  
    2.00  0.19772      2.00  0.00000  
    3.00  0.07567      3.00  0.00000  
    4.00 -0.01775      4.00  0.00000  
    5.00 -0.10317      5.00  0.00000  
    6.00 -0.23063      6.00  0.00000  
    7.00 -0.29616      7.00  0.00000  
    8.00 -0.32173      8.00  0.00000  
    9.00 -0.37229      9.00  0.00000  
   10.00 -0.55048     10.00  0.00000  
   11.00 -0.57590     11.00  0.00000  
   12.00  0.35683     12.00  0.00000  
   13.00  0.31840     13.00  0.00000  
   14.00  0.01599     14.00  0.00000  
   15.00 -0.06172     15.00  0.00000  
   16.00 -0.13522     16.00  0.00000  
   17.00 -0.19345     17.00  0.00000  
   18.00 -0.23694     18.00  0.00000  
   19.00 -0.27380     19.00  0.00000  
   20.00 -0.30192     20.00  0.00000  
   21.00 -0.34554     21.00  0.00000  
   22.00 -0.39804     22.00  0.00000  
   23.00 -0.43441     23.00  0.00000  
   24.00 -0.46569     24.00  0.00000  
   25.00 -0.49485     25.00  0.00000  
   26.00 -0.48943     26.00  0.00000  
   27.00 -0.50900     27.00  0.00000  
   28.00 -0.50064     28.00  0.00000  
   29.00 -0.62170     29.00 -2.58956  
   30.00 -0.63346     30.00 -2.56815  
   31.00 -0.64300     31.00 -2.71871  
   32.00 -0.54995     32.00 -2.71845  
   33.00 -0.64715     33.00 -2.72385  
   34.00 -0.64732     34.00 -2.66765  
   35.00 -0.60875     35.00 -2.66030  
   36.00  0.22383     36.00 -1.32722  
   37.00 -0.34701     37.00 -1.69184  
   38.00 -0.42355     38.00 -1.78522  
   39.00 -0.44778     39.00 -1.88108  
   40.00 -0.44909     40.00 -1.94556  
   41.00 -0.41648     41.00 -2.26618  
   42.00 -0.36532     42.00 -2.38538  
   43.00 -0.34994     43.00 -2.46986  
   44.00 -0.34293     44.00 -2.47242  
   45.00 -0.37617     45.00 -2.49091  
   46.00 -0.34145     46.00 -2.42400  
   47.00 -0.34871     47.00 -2.42035  
   48.00 -0.25586     48.00  0.00000  
   49.00  0.11606     49.00  0.00000  
   50.00  0.08577     50.00  0.00000  
   51.00  0.00000     51.00  0.00000  
   52.00 -0.08254     52.00  0.00000  
   53.00 -0.16235     53.00 -3.62469  
   54.00 -0.21554     54.00 -2.81811  
   55.00 -0.24956     55.00 -2.23483  
   56.00 -0.27633     56.00 -1.96879  
   57.00 -0.30985     57.00 -2.11180  
   58.00 -0.19941     58.00  0.00000  
   59.00 -0.18689     59.00  0.00000  
   60.00 -0.21567     60.00  0.00000  
   61.00 -0.26956     61.00 -3.30670  
   62.00 -0.28217     62.00 -2.87723  
   63.00 -0.35670     63.00 -2.49783  
   64.00 -0.40544     64.00 -2.31182  
   65.00 -0.41673     65.00 -2.28069  
   66.00 -0.34928     66.00 -2.28905  
   67.00 -0.32678     67.00 -2.32450  
   68.00 -0.30380     68.00 -2.38272  
   69.00 -0.28205     69.00 -2.43851  
   70.00 -0.25965     70.00 -2.52483  
   71.00 -0.22239     71.00 -2.53365  
   72.00 -0.21456     72.00 -2.43491  
   73.00 -0.24380     73.00 -2.39569  
   74.00 -0.29195     74.00 -2.37456  
   75.00 -0.30256     75.00 -2.40884  
   76.00 -0.29988     76.00 -2.39016  
   77.00 -0.32472     77.00 -2.38896  
   78.00 -0.31276     78.00 -2.34680  
   79.00 -0.26766     79.00 -2.33237  
   80.00 -0.27175     80.00 -2.34165  
   81.00 -0.31228     81.00 -2.37600  
   82.00 -0.29762     82.00 -2.38301  
   83.00 -0.32465     83.00 -2.40572  
   84.00 -0.32600     84.00 -2.43381  
   85.00 -0.32513     85.00 -2.42759  
   86.00 -0.32663     86.00 -2.37540  
   87.00 -0.29960     87.00 -2.35229  
   88.00 -0.30016     88.00 -2.40992  
   89.00 -0.32299     89.00 -2.34633  
   90.00 -0.31775     90.00 -2.39176  
   91.00 -0.28891     91.00 -2.41376  
   92.00 -0.28922     92.00 -2.40441  
   93.00 -0.30580     93.00 -2.41654  
   94.00 -0.28985     94.00 -2.40186  
   95.00 -0.28647     95.00 -2.41428  
   96.00 -0.28138     96.00 -2.38278  
   97.00 -0.28617     97.00 -2.35947  
   98.00 -0.32643     98.00 -2.42088  
   99.00 -0.41001     99.00 -2.42509  
  100.00 -0.46451    100.00 -2.40611  
  101.00 -0.45412    101.00 -2.37493  
  102.00 -0.77014    102.00 -2.36501  
  103.00 -0.57014    103.00 -2.38752  
  104.00 -0.41870    104.00 -2.42561  
  105.00 -0.32749    105.00 -2.45589  
  106.00 -0.23788    106.00 -2.49391  
  107.00 -0.23243    107.00 -2.59791  
  108.00 -0.21646    108.00 -2.54803  
  109.00 -0.22024    109.00 -2.48365  
  110.00 -0.20641    110.00 -2.85746  
  111.00 -0.23953    111.00 -2.58377  
  112.00 -0.28944    112.00 -2.36278  
  113.00 -0.30698    113.00 -2.35720  
  114.00 -0.26513    114.00 -2.35022  
  115.00 -0.25785    115.00 -2.31528  
  116.00 -0.24571    116.00 -2.31883  
  117.00 -0.26610    117.00 -2.34564  
  118.00 -0.29650    118.00 -2.41752  
  119.00 -0.29737    119.00 -2.40091  
  120.00 -0.26763    120.00 -2.37312  
  121.00 -0.26373    121.00 -2.33314  
  122.00 -0.25391    122.00 -2.33622  
  123.00 -0.27584    123.00 -2.34752  
  124.00 -0.29456    124.00 -2.41794  
  125.00 -0.30314    125.00 -2.39425  
  126.00 -0.26773    126.00 -2.38356  
  127.00 -0.26755    127.00 -2.34710  
  128.00 -0.23769    128.00 -2.33915  
  129.00 -0.25648    129.00 -2.35504  
  130.00 -0.28250    130.00 -2.38331  
  131.00 -0.29919    131.00 -2.40627  
  132.00 -0.27028    132.00 -2.38837  
  133.00 -0.26427    133.00 -2.34514  
  134.00 -0.25277    134.00 -2.33289  
  135.00 -0.36118    135.00 -2.35910  
  136.00 -0.25910    136.00 -2.34259  
  137.00 -0.26327    137.00 -2.36200  
  138.00 -0.25378    138.00 -2.32334  
  139.00 -0.22551    139.00 -2.28378  
  140.00 -0.22485    140.00 -2.22870  
  141.00 -0.21237    141.00 -2.22245  
  142.00 -0.23396    142.00 -2.23114  
  143.00 -0.26213    143.00 -2.26176  
  144.00 -0.26807    144.00 -2.23082  
  145.00 -0.24087    145.00 -2.22134  
  146.00 -0.24603    146.00 -2.25748  
  147.00 -0.28939    147.00 -2.32057  
  148.00 -0.26163    148.00 -2.30095  
  149.00 -0.25610    149.00 -2.24218  
  150.00 -0.32895    150.00 -2.23687  
  151.00 -0.42360    151.00 -2.24734  
  152.00 -0.02777    152.00 -2.27543  
  153.00  0.03153    153.00 -2.28914  
  154.00  0.02028    154.00 -2.39169  
  155.00 -0.04407    155.00 -2.41465  
  156.00 -0.32433    156.00 -2.02454  
  157.00 -0.35881    157.00 -2.01435  
  158.00 -0.31420    158.00 -2.04448  
  159.00 -0.29248    159.00 -2.11864  
  160.00 -0.28604    160.00 -2.36890  
  161.00 -0.24869    161.00 -2.37794  
  162.00 -0.24444    162.00 -2.31206  
  163.00 -0.22297    163.00 -2.27524  
  164.00 -0.24221    164.00 -2.27788  
  165.00 -0.26746    165.00 -2.26578  
  166.00 -0.26036    166.00 -2.22315  
  167.00 -0.23006    167.00 -2.22876  
  168.00 -0.24311    168.00 -2.25266  
  169.00 -0.26023    169.00 -2.23934  
  170.00 -0.24314    170.00 -2.23116  
  171.00 -0.34583    171.00 -2.25343  
  172.00 -0.44071    172.00 -2.24570  
  173.00 -0.10313    173.00 -2.37965  
  174.00 -0.18788    174.00 -2.29294  
  175.00 -0.22384    175.00 -2.27104  
  176.00 -0.24499    176.00 -2.19768  
  177.00 -0.21859    177.00 -2.12857  
  178.00 -0.22242    178.00 -2.03389  
  179.00 -0.20665    179.00 -2.00979  
  180.00 -0.26991    180.00 -2.11847  
  181.00 -0.24135    181.00 -2.18476  
  182.00 -0.22235    182.00 -2.17781  
  183.00 -0.22543    183.00 -2.18762  
  184.00 -0.24556    184.00 -2.18222  
  185.00 -0.24988    185.00 -2.12999  
  186.00 -0.22687    186.00 -2.12630  
  187.00 -0.24228    187.00 -2.14611  
  188.00 -0.34503    188.00 -2.17917  
  189.00 -0.39476    189.00 -2.22412  
  190.00 -0.42591    190.00 -2.21219  
  191.00 -0.30592    191.00 -2.14645  
  192.00 -0.24422    192.00 -2.12615  
  193.00 -0.24207    193.00 -2.15017  
  194.00 -0.26134    194.00 -2.21402  
  195.00 -0.22557    195.00 -2.06971  
  196.00 -0.22455    196.00 -2.04603  
  197.00 -0.19851    197.00 -2.06494  
  198.00 -0.23329    198.00 -2.08743  
  199.00 -0.23819    199.00 -2.10146  
  200.00 -0.21646    200.00 -2.08149  
  201.00 -0.19490    201.00 -2.06608  
  202.00 -0.15899    202.00 -2.00212  
  203.00 -0.19884    203.00 -2.06716  
  204.00 -0.21950    204.00 -2.06241  
  205.00 -0.23694    205.00 -2.07557  
  206.00 -0.23953    206.00 -2.10400  
  207.00 -0.24524    207.00 -2.09162  
  208.00 -0.20187    208.00 -2.03735  
  209.00 -0.20231    209.00 -1.99304  
  210.00 -0.17049    210.00 -2.00125  
  211.00 -0.21009    211.00 -2.03565  
  212.00 -0.22099    212.00 -2.06961  
  213.00 -0.23991    213.00 -2.08472  
  214.00 -0.22985    214.00 -2.10444  
  215.00 -0.23845    215.00 -2.06773  
  216.00 -0.21389    216.00 -2.03991  
  217.00 -0.21770    217.00 -2.00115  
  218.00 -0.19343    218.00 -2.01450  
  219.00 -0.20936    219.00 -2.03790  
  220.00 -0.23379    220.00 -2.07217  
  221.00 -0.24119    221.00 -2.07678  
  222.00 -0.24136    222.00 -2.09413  
  223.00 -0.24619    223.00 -2.08009  
  224.00 -0.21144    224.00 -2.05731  
  225.00 -0.21328    225.00 -2.01464  
  226.00 -0.20181    226.00 -2.01174  
  227.00 -0.21169    227.00 -2.03960  
  228.00 -0.22957    228.00 -2.07467  
  229.00 -0.24171    229.00 -2.07731  
  230.00 -0.24511    230.00 -2.10154  
  231.00 -0.25048    231.00 -2.07519  
  232.00 -0.21830    232.00 -2.05568  
  233.00 -0.22112    233.00 -2.02338  
  234.00 -0.20562    234.00 -2.01555  
  235.00 -0.21579    235.00 -2.03999  
  236.00 -0.22692    236.00 -2.06962  
  237.00 -0.24127    237.00 -2.08151  
  238.00 -0.23750    238.00 -2.10620  
  239.00 -0.23845    239.00 -2.07730  
  240.00 -0.20085    240.00 -2.05769  
  241.00 -0.20996    241.00 -2.02518  
  242.00 -0.18849    242.00 -2.01665  
  243.00 -0.20357    243.00 -2.04313  
  244.00 -0.22643    244.00 -2.07698  
  245.00 -0.23711    245.00 -2.08341  
  246.00 -0.23785    246.00 -2.10026  
  247.00 -0.24278    247.00 -2.07242  
  248.00 -0.21790    248.00 -2.05683  
  249.00 -0.20461    249.00 -2.01475  
  250.00 -0.18660    250.00 -2.01508  
  251.00 -0.20916    251.00 -2.04395  
  252.00 -0.23150    252.00 -2.07339  
  253.00 -0.24496    253.00 -2.07989  
  254.00 -0.23511    254.00 -2.10611  
  255.00 -0.23988    255.00 -2.07872  
  256.00 -0.21341    256.00 -2.05368  
  257.00 -0.21593    257.00 -2.01279  
  258.00 -0.19894    258.00 -2.01271  
  259.00 -0.22131    259.00 -2.04620  
  260.00 -0.24872    260.00 -2.08099  
  261.00 -0.24644    261.00 -2.10429  
  262.00 -0.25234    262.00 -2.07187  
  263.00 -0.21813    263.00 -2.06228  
  264.00 -0.22562    264.00 -2.02501  
  265.00 -0.20461    265.00 -2.03323  
  266.00 -0.22357    266.00 -2.05157  
  267.00 -0.24828    267.00 -2.08757  
  268.00 -0.30661    268.00 -2.12092  
  269.00 -0.37246    269.00 -2.08732  
  270.00 -0.37519    270.00 -2.06936  
  271.00 -0.34190    271.00 -2.03366  
  272.00 -0.27584    272.00 -2.02555  
  273.00 -0.26867    273.00 -2.05161  
  274.00 -0.26728    274.00 -2.11192  
  275.00 -0.25539    275.00 -2.21104  
  276.00 -0.24654    276.00 -2.22781  
  277.00 -0.21085    277.00 -2.18618  
  278.00 -0.20912    278.00 -2.10965  
  279.00 -0.18232    279.00 -2.07198  
  280.00 -0.19688    280.00 -2.08354  
  281.00 -0.24747    281.00 -2.10281  
  282.00 -0.23932    282.00 -2.11836  
  283.00 -0.22994    283.00 -2.08142  
  284.00 -0.19410    284.00 -2.05548  
  285.00 -0.19991    285.00 -2.02219  
  286.00 -0.17868    286.00 -2.01349  
  287.00 -0.19280    287.00 -2.03728  
  288.00 -0.23133    288.00 -2.08895  
  289.00 -0.23042    289.00 -2.09641  
  290.00 -0.23577    290.00 -2.07169  
  291.00 -0.20135    291.00 -2.04556  
  292.00 -0.20615    292.00 -2.00385  
  293.00 -0.18207    293.00 -2.01140  
  294.00 -0.19596    294.00 -2.03172  
  295.00 -0.22481    295.00 -2.10586  
  296.00 -0.24037    296.00 -2.07306  
  297.00 -0.20086    297.00 -2.04863  
  298.00 -0.20118    298.00 -2.00980  
  299.00 -0.18505    299.00 -2.00312  
  300.00 -0.19958    300.00 -2.03247  
  301.00 -0.23277    301.00 -2.09889  
  302.00 -0.24143    302.00 -2.06748  
  303.00 -0.19936    303.00 -2.05275  
  304.00 -0.20596    304.00 -2.00945  
  305.00 -0.18618    305.00 -2.01228  
  306.00 -0.19918    306.00 -2.03330  
  307.00 -0.22665    307.00 -2.10228  
  308.00 -0.24350    308.00 -2.06859  
  309.00 -0.20716    309.00 -2.05152  
  310.00 -0.20715    310.00 -2.01052  
  311.00 -0.18845    311.00 -1.99801  
  312.00 -0.20103    312.00 -2.03008  
  313.00 -0.23368    313.00 -2.11090  
  314.00 -0.25119    314.00 -2.07681  
  315.00 -0.21289    315.00 -2.05171  
  316.00 -0.21328    316.00 -2.00980  
  317.00 -0.20072    317.00 -2.00042  
  318.00 -0.21603    318.00 -2.03468  
  319.00 -0.24765    319.00 -2.11140  
  320.00 -0.25200    320.00 -2.07902  
  321.00 -0.21403    321.00 -2.05404  
  322.00 -0.20355    322.00 -2.02053  
  323.00 -0.18576    323.00 -2.01184  
  324.00 -0.27424    324.00 -2.03326  
  325.00 -0.37921    325.00 -2.08122  
  326.00 -0.33016    326.00 -2.05537  
  327.00 -0.29321    327.00 -2.01407  
  328.00 -0.24492    328.00 -2.03670  
  329.00 -0.23677    329.00 -2.16013  
  330.00 -0.25213    330.00 -2.23096  
  331.00 -0.26070    331.00 -2.18960  
  332.00 -0.22136    332.00 -2.12925  
  333.00 -0.21011    333.00 -2.06797  
  334.00 -0.19692    334.00 -2.07169  
  335.00 -0.24431    335.00 -2.08377  
  336.00 -0.20463    336.00 -2.05292  
  337.00 -0.19683    337.00 -2.02271  
  338.00 -0.23516    338.00 -2.07281  
  339.00 -0.23164    339.00 -2.03652  
  340.00 -0.21195    340.00 -2.02971  
  341.00 -0.21229    341.00 -2.05604  
  342.00 -0.23538    342.00 -2.13277  
  343.00 -0.23716    343.00 -2.11017  
  344.00 -0.20239    344.00 -2.08658  
  345.00 -0.19185    345.00 -2.03313  
  346.00 -0.17848    346.00 -2.02257  
  347.00 -0.18885    347.00 -2.04409  
  348.00 -0.22336    348.00 -2.11122  
  349.00 -0.23171    349.00 -2.06896  
  350.00 -0.20024    350.00 -2.05098  
  351.00 -0.19237    351.00 -1.99786  
  352.00 -0.21455    352.00 -2.09930  
  353.00 -0.22720    353.00 -2.06828  
  354.00 -0.19247    354.00 -2.05073  
  355.00 -0.19689    355.00 -1.99574  
  356.00 -0.17362    356.00 -1.99065  
  357.00 -0.19571    357.00 -2.01776  
  358.00 -0.21939    358.00 -2.08849  
  359.00 -0.22646    359.00 -2.06531  
  360.00 -0.19721    360.00 -2.04022  
  361.00 -0.20600    361.00 -2.00137  
  362.00 -0.17190    362.00 -1.99986  
  363.00 -0.19519    363.00 -2.02092  
  364.00 -0.45769    364.00 -2.06771  
  365.00 -0.40892    365.00 -2.04839  
  366.00 -0.34940    366.00 -2.00723  
  367.00 -0.27962    367.00 -1.99687  
  368.00 -0.26864    368.00 -2.02759  
  369.00 -0.23437    369.00 -2.31621  
  370.00 -0.22631    370.00 -2.26350  
  371.00 -0.18846    371.00 -2.18345  
  372.00 -0.18996    372.00 -2.10151  
  373.00 -0.17388    373.00 -2.06441  
  374.00 -0.18491    374.00 -2.07536  
  375.00 -0.22617    375.00 -2.09425  
  376.00 -0.22393    376.00 -2.05858  
  377.00 -0.19346    377.00 -2.04326  
  378.00 -0.19975    378.00 -2.00172  
  379.00 -0.19877    379.00 -2.05320  
  380.00 -0.19515    380.00 -2.00961  
  381.00 -0.18627    381.00 -2.03788  
  382.00 -0.20641    382.00 -2.00929  
  383.00 -0.17314    383.00 -2.02966  
  384.00 -0.23780    384.00 -2.07522  
  385.00 -0.21312    385.00 -2.04958  
  386.00 -0.20314    386.00 -2.00622  
  387.00 -0.19143    387.00 -2.05068  
  388.00 -0.18591    388.00 -2.02058  
  389.00 -0.17713    389.00 -2.02156  
  390.00 -0.23961    390.00 -2.06470  
  391.00 -0.20344    391.00 -2.03981  
  392.00 -0.19589    392.00 -1.99843  
  393.00 -0.20800    393.00 -2.05124  
  394.00 -0.20443    394.00 -2.00904  
  395.00 -0.18504    395.00 -2.00035  
  396.00 -0.19066    396.00 -2.03396  
  397.00 -0.21693    397.00 -2.05813  
  398.00 -0.21519    398.00 -2.00548  
  399.00 -0.17955    399.00 -2.06763  
  400.00 -0.18149    400.00 -2.02111  
  401.00 -0.20838    401.00 -2.06202  
  402.00 -0.20283    402.00 -2.06339  
  403.00 -0.16466    403.00 -2.04398  
  404.00 -0.16701    404.00 -1.99242  
  405.00 -0.15838    405.00 -1.99331  
  406.00 -0.17374    406.00 -2.01465  
  407.00 -0.20584    407.00 -2.05911  
  408.00 -0.19410    408.00 -2.04549  
  409.00 -0.16737    409.00 -2.02696  
  410.00 -0.16750    410.00 -1.98409  
  411.00 -0.15458    411.00 -1.98719  
  412.00 -0.17153    412.00 -2.01224  
