Date : 2022/09/13 (TUE)
Time : 10:30:00
   Film : Pattern         Review Cam  
     X        Y         X        Y    
    0.00 -0.41172      0.00  0.00000  
    1.00 -0.45932      1.00  0.00000  
    2.00 -0.46593      2.00  0.00000  
    3.00 -0.42700      3.00  0.00000  
    4.00 -1.33361      4.00  0.00000  
    5.00 -1.21251      5.00  0.00000  
    6.00 -1.01121      6.00  0.00000  
    7.00 -0.83187      7.00  0.00000  
    8.00 -0.67770      8.00  0.00000  
    9.00 -0.56258      9.00  0.00000  
   10.00 -0.47488     10.00  0.00000  
   11.00 -0.40583     11.00  0.00000  
   12.00 -0.37927     12.00  0.00000  
   13.00 -0.38163     13.00  0.00000  
   14.00 -0.38025     14.00  0.00000  
   15.00 -0.37071     15.00  0.00000  
   16.00 -0.35669     16.00  0.00000  
   17.00 -0.31668     17.00  0.00000  
   18.00 -0.29289     18.00  0.00000  
   19.00 -0.28871     19.00  0.00000  
   20.00 -0.30152     20.00  0.00000  
   21.00 -0.32105     21.00  0.00000  
   22.00 -0.35264     22.00  0.00000  
   23.00 -0.33874     23.00  0.00000  
   24.00 -0.32420     24.00  0.00000  
   25.00 -0.30891     25.00  0.00000  
   26.00 -0.29121     26.00  0.00000  
   27.00 -0.28233     27.00  0.00000  
   28.00 -0.29606     28.00  0.00000  
   29.00 -0.32219     29.00  0.00000  
   30.00 -0.34510     30.00  0.00000  
   31.00 -0.34735     31.00  0.00000  
   32.00 -0.32906     32.00  0.00000  
   33.00 -0.31324     33.00  0.00000  
   34.00 -0.29958     34.00  0.00000  
   35.00 -1.06590     35.00  0.00000  
   36.00 -0.62459     36.00  0.00000  
   37.00 -0.48612     37.00  0.00000  
   38.00 -0.43292     38.00  0.00000  
   39.00 -0.43531     39.00  0.00000  
   40.00 -0.40052     40.00  0.00000  
   41.00 -0.35916     41.00  0.00000  
   42.00 -0.31883     42.00  0.00000  
   43.00 -0.30465     43.00  0.00000  
   44.00 -0.28889     44.00  0.00000  
   45.00 -0.29748     45.00  0.00000  
   46.00 -0.32332     46.00  0.00000  
   47.00 -0.32956     47.00  0.00000  
   48.00 -0.33375     48.00  0.00000  
   49.00 -0.31993     49.00  0.00000  
   50.00 -0.29149     50.00  0.00000  
   51.00 -0.28734     51.00  0.00000  
   52.00 -0.26631     52.00  0.00000  
   53.00 -0.29732     53.00  0.00000  
   54.00 -0.30729     54.00  0.00000  
   55.00 -0.34693     55.00  0.00000  
   56.00 -0.35151     56.00  0.00000  
   57.00 -0.32744     57.00  0.00000  
   58.00 -0.29687     58.00  0.00000  
   59.00 -0.28886     59.00  0.00000  
   60.00 -0.31894     60.00  0.00000  
   61.00 -0.33264     61.00  0.00000  
   62.00 -0.33990     62.00  0.00000  
   63.00 -0.36069     63.00  0.00000  
   64.00 -0.35539     64.00  0.00000  
   65.00 -0.33387     65.00  0.00000  
   66.00 -0.30968     66.00  0.00000  
   67.00 -0.29091     67.00  0.00000  
   68.00 -0.28664     68.00  0.00000  
   69.00 -0.29422     69.00  0.00000  
   70.00 -0.31060     70.00  0.00000  
   71.00 -0.33808     71.00  0.00000  
   72.00 -0.34302     72.00  0.00000  
   73.00 -0.32719     73.00  0.00000  
   74.00 -0.30313     74.00  0.00000  
   75.00 -0.28977     75.00  0.00000  
   76.00 -0.27911     76.00  0.00000  
   77.00 -0.29045     77.00  0.00000  
   78.00 -0.31412     78.00  0.00000  
   79.00 -0.33084     79.00  0.00000  
   80.00 -0.33562     80.00  0.00000  
   81.00 -0.32335     81.00  0.00000  
   82.00 -0.30460     82.00  0.00000  
   83.00 -0.29283     83.00  0.00000  
   84.00 -0.26983     84.00  0.00000  
   85.00 -0.28980     85.00  0.00000  
   86.00 -0.30532     86.00  0.00000  
   87.00 -0.33807     87.00  0.00000  
   88.00 -0.35476     88.00  0.00000  
   89.00 -0.33923     89.00  0.00000  
   90.00 -0.31067     90.00  0.00000  
   91.00 -0.30532     91.00  0.00000  
   92.00 -0.29176     92.00  0.00000  
   93.00 -0.30021     93.00  0.00000  
   94.00 -0.31320     94.00  0.00000  
   95.00 -0.33950     95.00  0.00000  
   96.00 -0.34743     96.00  0.00000  
   97.00 -0.34331     97.00  0.00000  
   98.00 -0.31343     98.00  0.00000  
   99.00 -0.30438     99.00  0.00000  
  100.00 -0.27548    100.00  0.00000  
  101.00 -0.29108    101.00  0.00000  
  102.00 -0.31946    102.00  0.00000  
  103.00 -0.35115    103.00  0.00000  
  104.00 -0.35708    104.00  0.00000  
  105.00 -0.33966    105.00  0.00000  
  106.00 -0.31822    106.00  0.00000  
  107.00 -0.31721    107.00  0.00000  
  108.00 -0.30498    108.00  0.00000  
  109.00 -0.31941    109.00  0.00000  
  110.00 -0.32990    110.00  0.00000  
  111.00 -0.35793    111.00  0.00000  
  112.00 -0.37324    112.00  0.00000  
  113.00 -0.33988    113.00  0.00000  
  114.00 -0.31677    114.00  0.00000  
  115.00 -1.91866    115.00  0.00000  
  116.00 -0.19137    116.00  0.00000  
  117.00  0.08138    117.00  0.00000  
  118.00  0.02483    118.00  0.00000  
  119.00 -0.07771    119.00  0.00000  
  120.00 -0.16195    120.00  0.00000  
  121.00 -0.21692    121.00  0.00000  
  122.00 -0.24068    122.00  0.00000  
  123.00 -0.24853    123.00  0.00000  
  124.00 -0.25301    124.00  0.00000  
  125.00 -0.25349    125.00  0.00000  
  126.00 -0.29929    126.00  0.00000  
  127.00 -0.31051    127.00  0.00000  
  128.00 -0.32439    128.00  0.00000  
  129.00 -0.33696    129.00  0.00000  
  130.00 -0.31912    130.00  0.00000  
  131.00 -0.31426    131.00  0.00000  
  132.00 -0.30191    132.00  0.00000  
  133.00 -0.29281    133.00  0.00000  
  134.00 -0.30791    134.00  0.00000  
  135.00 -0.30839    135.00  0.00000  
  136.00 -0.33786    136.00  0.00000  
  137.00 -0.33795    137.00  0.00000  
  138.00 -0.33028    138.00  0.00000  
  139.00 -0.29972    139.00  0.00000  
  140.00 -0.29303    140.00  0.00000  
  141.00 -0.27845    141.00  0.00000  
  142.00 -0.28661    142.00  0.00000  
  143.00 -0.31369    143.00  0.00000  
  144.00 -0.33101    144.00  0.00000  
  145.00 -0.32238    145.00  0.00000  
  146.00 -0.31056    146.00  0.00000  
  147.00 -0.28972    147.00  0.00000  
  148.00 -0.19045    148.00  0.00000  
  149.00 -0.14093    149.00  0.00000  
  150.00 -0.11750    150.00  0.00000  
  151.00 -0.13547    151.00  0.00000  
  152.00 -0.16725    152.00  0.00000  
  153.00 -0.18021    153.00  0.00000  
  154.00 -0.20393    154.00  0.00000  
  155.00 -0.22265    155.00  0.00000  
  156.00 -0.24242    156.00  0.00000  
  157.00 -0.23665    157.00  0.00000  
  158.00 -0.25902    158.00  0.00000  
  159.00 -0.28407    159.00  0.00000  
  160.00 -0.31622    160.00  0.00000  
  161.00 -0.32356    161.00  0.00000  
  162.00 -0.31741    162.00  0.00000  
  163.00 -0.27646    163.00  0.00000  
  164.00 -0.28295    164.00  0.00000  
  165.00 -0.28321    165.00  0.00000  
  166.00 -0.30056    166.00  0.00000  
  167.00 -0.31805    167.00  0.00000  
  168.00 -0.34128    168.00  0.00000  
  169.00 -0.34942    169.00  0.00000  
  170.00 -0.33378    170.00  0.00000  
  171.00 -0.31518    171.00  0.00000  
  172.00 -0.29756    172.00  0.00000  
  173.00 -0.28374    173.00  0.00000  
  174.00 -0.30531    174.00  0.00000  
  175.00 -0.32413    175.00  0.00000  
  176.00 -0.34872    176.00  0.00000  
  177.00 -0.35666    177.00  0.00000  
  178.00 -0.34507    178.00  0.00000  
  179.00 -0.31590    179.00  0.00000  
  180.00 -0.31652    180.00  0.00000  
  181.00 -0.30773    181.00  0.00000  
  182.00 -0.30038    182.00  0.00000  
  183.00 -0.32591    183.00  0.00000  
  184.00 -0.34692    184.00  0.00000  
  185.00 -0.34947    185.00  0.00000  
  186.00 -0.34507    186.00  0.00000  
  187.00 -0.31955    187.00  0.00000  
  188.00 -0.31445    188.00  0.00000  
  189.00 -0.30874    189.00  0.00000  
  190.00 -0.31231    190.00  0.00000  
  191.00 -0.33364    191.00  0.00000  
  192.00 -0.36469    192.00  0.00000  
  193.00 -0.36509    193.00  0.00000  
  194.00 -0.35351    194.00  0.00000  
  195.00 -0.32493    195.00  0.00000  
  196.00 -0.32422    196.00  0.00000  
  197.00 -0.31371    197.00  0.00000  
  198.00 -0.32985    198.00  0.00000  
  199.00 -0.33861    199.00  0.00000  
  200.00 -0.36054    200.00  0.00000  
  201.00 -0.37290    201.00  0.00000  
  202.00 -0.34383    202.00  0.00000  
  203.00 -0.32998    203.00  0.00000  
  204.00 -0.32325    204.00  0.00000  
  205.00 -0.30891    205.00  0.00000  
  206.00 -0.31871    206.00  0.00000  
  207.00 -0.34868    207.00  0.00000  
  208.00 -0.37476    208.00  0.00000  
  209.00 -0.37459    209.00  0.00000  
  210.00 -0.35930    210.00  0.00000  
  211.00 -0.33593    211.00  0.00000  
  212.00 -0.33362    212.00  0.00000  
  213.00 -0.31452    213.00  0.00000  
  214.00 -0.33038    214.00  0.00000  
  215.00 -0.34196    215.00  0.00000  
  216.00 -0.35670    216.00  0.00000  
  217.00 -0.36585    217.00  0.00000  
  218.00 -0.34293    218.00  0.00000  
  219.00 -0.32089    219.00  0.00000  
  220.00 -0.31189    220.00  0.00000  
  221.00 -0.32642    221.00  0.00000  
  222.00 -0.33642    222.00  0.00000  
  223.00 -0.35611    223.00  0.00000  
  224.00 -0.37850    224.00  0.00000  
  225.00 -0.38525    225.00  0.00000  
  226.00 -0.35998    226.00  0.00000  
  227.00 -0.33822    227.00  0.00000  
  228.00 -0.33859    228.00  0.00000  
  229.00 -0.32806    229.00  0.00000  
  230.00 -0.33861    230.00  0.00000  
  231.00 -0.35399    231.00  0.00000  
  232.00 -0.38426    232.00  0.00000  
  233.00 -0.37101    233.00  0.00000  
  234.00 -0.36337    234.00  0.00000  
  235.00 -0.33616    235.00  0.00000  
  236.00 -0.33499    236.00  0.00000  
  237.00 -0.32630    237.00  0.00000  
  238.00 -0.33997    238.00  0.00000  
  239.00 -0.35293    239.00  0.00000  
  240.00 -0.37766    240.00  0.00000  
  241.00 -0.37628    241.00  0.00000  
  242.00 -0.35562    242.00  0.00000  
  243.00 -0.32803    243.00  0.00000  
  244.00 -0.33445    244.00  0.00000  
  245.00 -0.32448    245.00  0.00000  
  246.00 -0.33622    246.00  0.00000  
  247.00 -0.35478    247.00  0.00000  
  248.00 -0.38026    248.00  0.00000  
  249.00 -0.38116    249.00  0.00000  
  250.00 -0.35807    250.00  0.00000  
  251.00 -0.32389    251.00  0.00000  
  252.00 -0.32403    252.00  0.00000  
  253.00 -0.31919    253.00  0.00000  
  254.00 -0.31723    254.00  0.00000  
  255.00 -0.34817    255.00  0.00000  
  256.00 -0.36416    256.00  0.00000  
  257.00 -0.35805    257.00  0.00000  
  258.00 -0.33880    258.00  0.00000  
  259.00 -0.33186    259.00  0.00000  
  260.00 -0.31911    260.00  0.00000  
  261.00 -0.31236    261.00  0.00000  
  262.00 -0.32752    262.00  0.00000  
  263.00 -0.35146    263.00  0.00000  
  264.00 -0.36453    264.00  0.00000  
  265.00 -0.36897    265.00  0.00000  
  266.00 -0.35576    266.00  0.00000  
  267.00 -0.33606    267.00  0.00000  
  268.00 -0.32655    268.00  0.00000  
  269.00 -0.31025    269.00  0.00000  
  270.00 -0.31920    270.00  0.00000  
  271.00 -0.33442    271.00  0.00000  
  272.00 -0.35372    272.00  0.00000  
  273.00 -0.36424    273.00  0.00000  
  274.00 -0.35512    274.00  0.00000  
  275.00 -0.33082    275.00  0.00000  
  276.00 -0.31926    276.00  0.00000  
  277.00 -0.31374    277.00  0.00000  
  278.00 -0.33308    278.00  0.00000  
  279.00 -0.33502    279.00  0.00000  
  280.00 -0.35297    280.00  0.00000  
  281.00 -0.36682    281.00  0.00000  
  282.00 -0.34623    282.00  0.00000  
  283.00 -0.32501    283.00  0.00000  
  284.00 -0.32940    284.00  0.00000  
  285.00 -0.30064    285.00  0.00000  
  286.00 -0.32185    286.00  0.00000  
  287.00 -0.33445    287.00  0.00000  
  288.00 -0.34957    288.00  0.00000  
  289.00 -0.35874    289.00  0.00000  
  290.00 -0.34911    290.00  0.00000  
  291.00 -0.31376    291.00  0.00000  
  292.00 -0.32392    292.00  0.00000  
  293.00 -0.29931    293.00  0.00000  
  294.00 -0.32474    294.00  0.00000  
  295.00 -0.33473    295.00  0.00000  
  296.00 -0.35936    296.00  0.00000  
  297.00 -0.35627    297.00  0.00000  
  298.00 -0.34325    298.00  0.00000  
  299.00 -0.32597    299.00  0.00000  
  300.00 -0.31350    300.00  0.00000  
  301.00 -0.29472    301.00  0.00000  
  302.00 -0.31461    302.00  0.00000  
  303.00 -0.32398    303.00  0.00000  
  304.00 -0.35564    304.00  0.00000  
  305.00 -0.36008    305.00  0.00000  
  306.00 -0.33161    306.00  0.00000  
  307.00 -0.31324    307.00  0.00000  
  308.00 -0.30646    308.00  0.00000  
  309.00 -0.30165    309.00  0.00000  
  310.00 -0.30631    310.00  0.00000  
  311.00 -0.32761    311.00  0.00000  
  312.00 -0.34503    312.00  0.00000  
  313.00 -0.34885    313.00  0.00000  
  314.00 -0.34348    314.00  0.00000  
  315.00 -0.31464    315.00  0.00000  
  316.00 -0.30439    316.00  0.00000  
  317.00 -0.29234    317.00  0.00000  
  318.00 -0.30432    318.00  0.00000  
  319.00 -0.32011    319.00  0.00000  
  320.00 -0.33828    320.00  0.00000  
  321.00 -0.35014    321.00  0.00000  
  322.00 -0.33178    322.00  0.00000  
  323.00 -0.32290    323.00  0.00000  
  324.00 -0.30372    324.00  0.00000  
  325.00 -0.30207    325.00  0.00000  
  326.00 -0.30635    326.00  0.00000  
  327.00 -0.32487    327.00  0.00000  
  328.00 -0.33696    328.00  0.00000  
  329.00 -0.35738    329.00  0.00000  
  330.00 -0.33960    330.00  0.00000  
  331.00 -0.30937    331.00  0.00000  
  332.00 -0.30148    332.00  0.00000  
  333.00 -0.29770    333.00  0.00000  
  334.00 -0.34760    334.00  0.00000  
  335.00 -0.36338    335.00  0.00000  
  336.00 -0.37800    336.00  0.00000  
  337.00 -0.37401    337.00  0.00000  
  338.00 -0.34699    338.00  0.00000  
  339.00 -0.30711    339.00  0.00000  
  340.00 -0.30715    340.00  0.00000  
  341.00 -0.28712    341.00  0.00000  
  342.00 -0.30432    342.00  0.00000  
  343.00 -0.32616    343.00  0.00000  
  344.00 -0.35107    344.00  0.00000  
  345.00 -0.35210    345.00  0.00000  
  346.00 -0.33651    346.00  0.00000  
  347.00 -0.31305    347.00  0.00000  
  348.00 -0.30794    348.00  0.00000  
  349.00 -0.29589    349.00  0.00000  
  350.00 -0.30976    350.00  0.00000  
  351.00 -0.32541    351.00  0.00000  
  352.00 -0.34310    352.00  0.00000  
  353.00 -0.35336    353.00  0.00000  
  354.00 -0.33481    354.00  0.00000  
  355.00 -0.31454    355.00  0.00000  
  356.00 -0.31863    356.00  0.00000  
  357.00 -0.29445    357.00  0.00000  
  358.00 -0.29809    358.00  0.00000  
  359.00 -0.32115    359.00  0.00000  
  360.00 -0.35526    360.00  0.00000  
  361.00 -0.35593    361.00  0.00000  
  362.00 -0.35059    362.00  0.00000  
  363.00 -0.31160    363.00  0.00000  
  364.00 -0.30897    364.00  0.00000  
  365.00 -0.29538    365.00  0.00000  
  366.00 -0.31155    366.00  0.00000  
  367.00 -0.32661    367.00  0.00000  
  368.00 -0.34640    368.00  0.00000  
  369.00 -0.35139    369.00  0.00000  
  370.00 -0.34386    370.00  0.00000  
  371.00 -0.31425    371.00  0.00000  
  372.00 -0.31945    372.00  0.00000  
  373.00 -0.31870    373.00  0.00000  
  374.00 -0.33357    374.00  0.00000  
  375.00 -0.34610    375.00  0.00000  
  376.00 -0.35873    376.00  0.00000  
  377.00 -0.36868    377.00  0.00000  
  378.00 -0.34173    378.00  0.00000  
  379.00 -0.31588    379.00  0.00000  
  380.00 -0.31116    380.00  0.00000  
  381.00 -0.30706    381.00  0.00000  
  382.00 -0.30455    382.00  0.00000  
  383.00 -0.35510    383.00  0.00000  
  384.00 -0.38600    384.00  0.00000  
  385.00 -0.34627    385.00  0.00000  
  386.00 -0.32579    386.00  0.00000  
  387.00 -0.30328    387.00  0.00000  
  388.00 -0.34093    388.00  0.00000  
  389.00 -0.33475    389.00  0.00000  
  390.00 -0.33008    390.00  0.00000  
  391.00 -0.35053    391.00  0.00000  
  392.00 -0.36446    392.00  0.00000  
  393.00 -0.35999    393.00  0.00000  
  394.00 -0.34826    394.00  0.00000  
  395.00 -0.31191    395.00  0.00000  
  396.00 -0.32028    396.00  0.00000  
  397.00 -0.30846    397.00  0.00000  
  398.00 -0.31347    398.00  0.00000  
  399.00 -0.32928    399.00  0.00000  
  400.00 -0.33805    400.00  0.00000  
  401.00 -0.32550    401.00  0.00000  
  402.00 -0.34947    402.00  0.00000  
  403.00 -0.33387    403.00  0.00000  
  404.00 -0.31880    404.00  0.00000  
  405.00 -0.29663    405.00  0.00000  
  406.00 -0.31190    406.00  0.00000  
  407.00 -0.33371    407.00  0.00000  
  408.00 -0.35444    408.00  0.00000  
  409.00 -0.36670    409.00  0.00000  
  410.00 -0.35270    410.00  0.00000  
  411.00 -0.32961    411.00  0.00000  
  412.00 -0.32134    412.00  0.00000  
  413.00 -0.30265    413.00  0.00000  
  414.00 -0.31081    414.00  0.00000  
  415.00 -0.30918    415.00  0.00000  
  416.00 -0.34519    416.00  0.00000  
  417.00 -0.36725    417.00  0.00000  
  418.00 -0.34525    418.00  0.00000  
  419.00 -0.31519    419.00  0.00000  
  420.00 -0.31263    420.00  0.00000  
  421.00 -0.30067    421.00  0.00000  
  422.00 -0.30320    422.00  0.00000  
  423.00 -0.32247    423.00  0.00000  
  424.00 -0.34457    424.00  0.00000  
  425.00 -0.35808    425.00  0.00000  
  426.00 -0.34252    426.00  0.00000  
  427.00 -0.31425    427.00  0.00000  
  428.00 -0.31057    428.00  0.00000  
  429.00 -0.30150    429.00  0.00000  
  430.00 -0.31307    430.00  0.00000  
  431.00 -0.32330    431.00  0.00000  
  432.00 -0.35075    432.00  0.00000  
  433.00 -0.35551    433.00  0.00000  
  434.00 -0.33754    434.00  0.00000  
  435.00 -0.32271    435.00  0.00000  
  436.00 -0.30630    436.00  0.00000  
  437.00 -0.29583    437.00  0.00000  
  438.00 -0.30583    438.00  0.00000  
  439.00 -0.32995    439.00  0.00000  
  440.00 -0.35309    440.00  0.00000  
  441.00 -0.33776    441.00  0.00000  
  442.00 -0.33053    442.00  0.00000  
  443.00 -0.30973    443.00  0.00000  
  444.00 -0.30969    444.00  0.00000  
  445.00 -0.30495    445.00  0.00000  
  446.00 -0.30250    446.00  0.00000  
  447.00 -0.31789    447.00  0.00000  
  448.00 -0.33573    448.00  0.00000  
  449.00 -0.34011    449.00  0.00000  
  450.00 -0.32401    450.00  0.00000  
  451.00 -0.30703    451.00  0.00000  
  452.00 -0.30593    452.00  0.00000  
  453.00 -0.30239    453.00  0.00000  
  454.00 -0.31238    454.00  0.00000  
  455.00 -0.32454    455.00  0.00000  
  456.00 -0.34825    456.00  0.00000  
  457.00 -0.34233    457.00  0.00000  
  458.00 -0.32345    458.00  0.00000  
  459.00 -0.30245    459.00  0.00000  
  460.00 -0.30391    460.00  0.00000  
  461.00 -0.29233    461.00  0.00000  
  462.00 -0.30251    462.00  0.00000  
  463.00 -0.30850    463.00  0.00000  
  464.00 -0.33255    464.00  0.00000  
  465.00 -0.33905    465.00  0.00000  
  466.00 -0.33353    466.00  0.00000  
  467.00 -0.29594    467.00  0.00000  
  468.00 -0.29729    468.00  0.00000  
  469.00 -0.29474    469.00  0.00000  
  470.00 -0.30232    470.00  0.00000  
  471.00 -0.31736    471.00  0.00000  
  472.00 -0.33533    472.00  0.00000  
  473.00 -0.34211    473.00  0.00000  
  474.00 -0.32074    474.00  0.00000  
  475.00 -0.30947    475.00  0.00000  
  476.00 -0.32010    476.00  0.00000  
  477.00 -0.29302    477.00  0.00000  
  478.00 -0.29896    478.00  0.00000  
  479.00 -0.30538    479.00  0.00000  
  480.00 -0.32694    480.00  0.00000  
  481.00 -0.33986    481.00  0.00000  
  482.00 -0.33369    482.00  0.00000  
  483.00 -0.27324    483.00  0.00000  
  484.00 -0.28821    484.00  0.00000  
  485.00 -0.30650    485.00  0.00000  
  486.00 -0.30892    486.00  0.00000  
  487.00 -0.31542    487.00  0.00000  
  488.00 -0.32879    488.00  0.00000  
  489.00 -0.33537    489.00  0.00000  
  490.00 -0.31727    490.00  0.00000  
  491.00 -0.29322    491.00  0.00000  
  492.00 -0.29549    492.00  0.00000  
  493.00 -0.27807    493.00  0.00000  
  494.00 -0.28786    494.00  0.00000  
  495.00 -0.30742    495.00  0.00000  
  496.00 -0.32389    496.00  0.00000  
  497.00 -0.32182    497.00  0.00000  
  498.00 -0.31222    498.00  0.00000  
  499.00 -0.26995    499.00  0.00000  
  500.00 -0.25174    500.00  0.00000  
  501.00 -0.25459    501.00  0.00000  
  502.00 -0.26641    502.00  0.00000  
  503.00 -0.29703    503.00  0.00000  
  504.00 -0.31438    504.00  0.00000  
  505.00 -0.30812    505.00  0.00000  
  506.00 -0.30863    506.00  0.00000  
  507.00  0.25037    507.00  0.00000  
  508.00  0.57838    508.00  0.00000  
  509.00  0.79127    509.00  0.00000  
  510.00  0.98773    510.00  0.00000  
  511.00  1.12368    511.00  0.00000  
  512.00  1.20213    512.00  0.00000  
  513.00  1.22994    513.00  0.00000  
  514.00  0.87430    514.00  0.00000  
  515.00  0.51015    515.00  0.00000  
  516.00  0.28019    516.00  0.00000  
