Date : 2022/09/13 (TUE)
Time : 10:30:05
   Film : Pattern         Review Cam  
     X        Y         X        Y    
    0.00  1.65853      0.00  0.00000  
    1.00 -0.02405      1.00  0.00000  
    2.00  0.01499      2.00  0.00000  
    3.00 -0.01012      3.00  0.00000  
    4.00 -0.07467      4.00  0.00000  
    5.00 -0.00713      5.00  0.00000  
    6.00  0.00000      6.00  0.00000  
    7.00 -0.01143      7.00  0.00000  
    8.00 -0.00826      8.00  0.00000  
    9.00 -0.02168      9.00  0.00000  
   10.00 -0.01376     10.00  0.00000  
   11.00 -0.02446     11.00  0.00000  
   12.00 -0.01536     12.00  0.00000  
   13.00 -0.03143     13.00  0.00000  
   14.00 -0.00711     14.00  0.00000  
   15.00 -0.00517     15.00  0.00000  
   16.00  0.00000     16.00  0.00000  
   17.00 -0.00925     17.00  0.00000  
   18.00 -0.01055     18.00  0.00000  
   19.00 -0.01012     19.00  0.00000  
   20.00 -0.00961     20.00  0.00000  
   21.00 -0.01502     21.00  0.00000  
   22.00 -0.00647     22.00  0.00000  
   23.00 -0.00877     23.00  0.00000  
   24.00  0.00518     24.00  0.00000  
   25.00  0.00324     25.00  0.00000  
   26.00 -0.01264     26.00  0.00000  
   27.00 -0.01649     27.00  0.00000  
   28.00 -0.00970     28.00  0.00000  
   29.00  0.00512     29.00  0.00000  
   30.00  0.00605     30.00  0.00000  
   31.00  0.01255     31.00  0.00000  
   32.00  0.01419     32.00  0.00000  
   33.00  0.00909     33.00  0.00000  
   34.00 -0.00475     34.00  0.00000  
   35.00  0.00000     35.00  0.00000  
   36.00 -0.00543     36.00  0.00000  
   37.00 -0.01339     37.00  0.00000  
   38.00 -0.00493     38.00  0.00000  
   39.00  0.00000     39.00  0.00000  
   40.00  0.00667     40.00  0.00000  
   41.00  0.01188     41.00  0.00000  
   42.00  0.00000     42.00  0.00000  
   43.00 -0.00888     43.00  0.00000  
   44.00 -0.00949     44.00  0.00000  
   45.00 -0.00564     45.00  0.00000  
   46.00 -0.00799     46.00  0.00000  
   47.00  0.00000     47.00  0.00000  
   48.00  0.01097     48.00  0.00000  
   49.00  0.01317     49.00  0.00000  
   50.00  0.00321     50.00  0.00000  
   51.00  0.00000     51.00  0.00000  
   52.00 -0.00711     52.00  0.00000  
   53.00 -0.00696     53.00  0.00000  
   54.00 -0.00602     54.00  0.00000  
   55.00  0.01199     55.00  0.00000  
   56.00  0.01493     56.00  0.00000  
   57.00  0.01165     57.00  0.00000  
   58.00  0.00597     58.00  0.00000  
   59.00 -0.00962     59.00  0.00000  
   60.00 -0.01609     60.00  0.00000  
   61.00 -0.00898     61.00  0.00000  
   62.00 -0.00411     62.00  0.00000  
   63.00  0.00467     63.00  0.00000  
   64.00  0.00580     64.00  0.00000  
   65.00  0.00375     65.00  0.00000  
   66.00  0.00000     66.00  0.00000  
   67.00 -0.00429     67.00  0.00000  
   68.00 -0.01234     68.00  0.00000  
   69.00 -0.01080     69.00  0.00000  
   70.00 -0.00637     70.00  0.00000  
   71.00  0.00000     71.00  0.00000  
   72.00  0.00000     72.00  0.00000  
   73.00  0.00000     73.00  0.00000  
   74.00 -0.00502     74.00  0.00000  
   75.00 -0.01527     75.00  0.00000  
   76.00 -0.01254     76.00  0.00000  
   77.00 -0.00833     77.00  0.00000  
   78.00 -0.00346     78.00  0.00000  
   79.00  0.00441     79.00  0.00000  
   80.00  0.02000     80.00  0.00000  
   81.00  0.01534     81.00  0.00000  
   82.00  0.00982     82.00  0.00000  
   83.00 -0.00726     83.00  0.00000  
   84.00 -0.01789     84.00  0.00000  
   85.00 -0.00744     85.00  0.00000  
   86.00  0.00000     86.00  0.00000  
   87.00  0.01826     87.00  0.00000  
   88.00  0.02413     88.00  0.00000  
   89.00  0.00814     89.00  0.00000  
   90.00  0.00354     90.00  0.00000  
   91.00 -0.00785     91.00  0.00000  
   92.00 -0.01730     92.00  0.00000  
   93.00  0.00341     93.00  0.00000  
   94.00  0.01149     94.00  0.00000  
   95.00  0.01170     95.00  0.00000  
   96.00  0.01521     96.00  0.00000  
   97.00  0.01463     97.00  0.00000  
   98.00  0.01060     98.00  0.00000  
   99.00 -0.00836     99.00  0.00000  
  100.00 -0.02104    100.00  0.00000  
  101.00 -0.00704    101.00  0.00000  
  102.00  0.00000    102.00  0.00000  
  103.00  0.01122    103.00  0.00000  
  104.00  0.01473    104.00  0.00000  
  105.00  0.01576    105.00  0.00000  
  106.00  0.00796    106.00  0.00000  
  107.00 -0.00421    107.00  0.00000  
  108.00 -0.00886    108.00  0.00000  
  109.00 -0.00576    109.00  0.00000  
  110.00  0.00000    110.00  0.00000  
  111.00  0.00000    111.00  0.00000  
  112.00  0.00736    112.00  0.00000  
  113.00  0.00693    113.00  0.00000  
  114.00  0.00000    114.00  0.00000  
  115.00  0.00433    115.00  0.00000  
  116.00 -0.04808    116.00  0.00000  
  117.00 -0.00937    117.00  0.00000  
  118.00 -0.00320    118.00  0.00000  
  119.00 -0.00686    119.00  0.00000  
  120.00 -0.00621    120.00  0.00000  
  121.00  0.00300    121.00  0.00000  
  122.00  0.01319    122.00  0.00000  
  123.00 -0.03142    123.00  0.00000  
  124.00 -0.02003    124.00  0.00000  
  125.00  0.00000    125.00  0.00000  
  126.00  0.01543    126.00  0.00000  
  127.00  0.01010    127.00  0.00000  
  128.00  0.01041    128.00  0.00000  
  129.00  0.01333    129.00  0.00000  
  130.00  0.01124    130.00  0.00000  
  131.00  0.02095    131.00  0.00000  
  132.00 -0.00424    132.00  0.00000  
  133.00 -0.01571    133.00  0.00000  
  134.00 -0.01566    134.00  0.00000  
  135.00 -0.00393    135.00  0.00000  
  136.00  0.00315    136.00  0.00000  
  137.00  0.00872    137.00  0.00000  
  138.00  0.00355    138.00  0.00000  
  139.00  0.00000    139.00  0.00000  
  140.00 -0.04985    140.00  0.00000  
  141.00 -0.02894    141.00  0.00000  
  142.00 -0.00309    142.00  0.00000  
  143.00  0.01233    143.00  0.00000  
  144.00  0.01912    144.00  0.00000  
  145.00  0.00603    145.00  0.00000  
  146.00  0.00696    146.00  0.00000  
  147.00  0.00379    147.00  0.00000  
  148.00  0.00445    148.00  0.00000  
  149.00 -0.00397    149.00  0.00000  
  150.00 -0.01466    150.00  0.00000  
  151.00 -0.01145    151.00  0.00000  
  152.00 -0.05675    152.00  0.00000  
  153.00 -0.02772    153.00  0.00000  
  154.00  0.02246    154.00  0.00000  
  155.00  0.03087    155.00  0.00000  
  156.00  0.00000    156.00  0.00000  
  157.00 -0.01366    157.00  0.00000  
  158.00 -0.02323    158.00  0.00000  
  159.00  0.00000    159.00  0.00000  
  160.00  0.01283    160.00  0.00000  
  161.00  0.01436    161.00  0.00000  
  162.00  0.00477    162.00  0.00000  
  163.00 -0.01497    163.00  0.00000  
  164.00 -0.01816    164.00  0.00000  
  165.00 -0.01001    165.00  0.00000  
  166.00 -0.00777    166.00  0.00000  
  167.00 -0.00482    167.00  0.00000  
  168.00  0.00841    168.00  0.00000  
  169.00  0.01461    169.00  0.00000  
  170.00  0.01167    170.00  0.00000  
  171.00  0.00000    171.00  0.00000  
  172.00 -0.00777    172.00  0.00000  
  173.00 -0.01565    173.00  0.00000  
  174.00 -0.00864    174.00  0.00000  
  175.00  0.00000    175.00  0.00000  
  176.00 -0.00309    176.00  0.00000  
  177.00  0.00000    177.00  0.00000  
  178.00  0.00677    178.00  0.00000  
  179.00  0.00393    179.00  0.00000  
  180.00 -0.00815    180.00  0.00000  
  181.00 -0.01532    181.00  0.00000  
  182.00 -0.01390    182.00  0.00000  
  183.00 -0.01032    183.00  0.00000  
  184.00  0.00000    184.00  0.00000  
  185.00  0.01133    185.00  0.00000  
  186.00  0.02304    186.00  0.00000  
  187.00  0.00000    187.00  0.00000  
  188.00 -0.01166    188.00  0.00000  
  189.00 -0.00893    189.00  0.00000  
  190.00 -0.00971    190.00  0.00000  
  191.00 -0.01228    191.00  0.00000  
  192.00  0.00000    192.00  0.00000  
  193.00  0.01432    193.00  0.00000  
  194.00  0.02047    194.00  0.00000  
  195.00  0.00000    195.00  0.00000  
  196.00 -0.00933    196.00  0.00000  
  197.00 -0.02528    197.00  0.00000  
  198.00 -0.01182    198.00  0.00000  
  199.00 -0.01004    199.00  0.00000  
  200.00  0.00000    200.00  0.00000  
  201.00  0.00803    201.00  0.00000  
  202.00  0.01102    202.00  0.00000  
  203.00 -0.00734    203.00  0.00000  
  204.00 -0.01803    204.00  0.00000  
  205.00 -0.01201    205.00  0.00000  
  206.00 -0.00558    206.00  0.00000  
  207.00  0.00000    207.00  0.00000  
  208.00  0.00609    208.00  0.00000  
  209.00  0.01240    209.00  0.00000  
  210.00  0.01039    210.00  0.00000  
  211.00  0.01139    211.00  0.00000  
  212.00  0.00000    212.00  0.00000  
  213.00 -0.00643    213.00  0.00000  
  214.00 -0.00725    214.00  0.00000  
  215.00  0.00000    215.00  0.00000  
  216.00  0.00875    216.00  0.00000  
  217.00  0.01275    217.00  0.00000  
  218.00  0.01472    218.00  0.00000  
  219.00  0.00385    219.00  0.00000  
  220.00 -0.00622    220.00  0.00000  
  221.00 -0.00677    221.00  0.00000  
  222.00  0.00000    222.00  0.00000  
  223.00  0.00350    223.00  0.00000  
  224.00  0.01079    224.00  0.00000  
  225.00  0.01304    225.00  0.00000  
  226.00  0.01313    226.00  0.00000  
  227.00  0.00364    227.00  0.00000  
  228.00 -0.01076    228.00  0.00000  
  229.00 -0.01682    229.00  0.00000  
  230.00 -0.00920    230.00  0.00000  
  231.00 -0.00439    231.00  0.00000  
  232.00  0.00000    232.00  0.00000  
  233.00  0.01293    233.00  0.00000  
  234.00  0.01549    234.00  0.00000  
  235.00  0.00362    235.00  0.00000  
  236.00 -0.00540    236.00  0.00000  
  237.00 -0.00803    237.00  0.00000  
  238.00  0.00000    238.00  0.00000  
  239.00  0.00845    239.00  0.00000  
  240.00  0.01808    240.00  0.00000  
  241.00  0.01466    241.00  0.00000  
  242.00  0.01777    242.00  0.00000  
  243.00  0.00889    243.00  0.00000  
  244.00  0.00000    244.00  0.00000  
  245.00  0.04191    245.00  0.00000  
  246.00  0.02525    246.00  0.00000  
  247.00 -0.00436    247.00  0.00000  
  248.00 -0.00306    248.00  0.00000  
  249.00  0.01760    249.00  0.00000  
  250.00  0.02202    250.00  0.00000  
  251.00  0.01753    251.00  0.00000  
  252.00  0.00760    252.00  0.00000  
  253.00 -0.00728    253.00  0.00000  
  254.00 -0.01061    254.00  0.00000  
  255.00  0.00425    255.00  0.00000  
  256.00  0.01487    256.00  0.00000  
  257.00  0.02121    257.00  0.00000  
  258.00  0.01010    258.00  0.00000  
  259.00 -0.00326    259.00  0.00000  
  260.00 -0.01488    260.00  0.00000  
  261.00 -0.01283    261.00  0.00000  
  262.00 -0.00705    262.00  0.00000  
  263.00  0.00000    263.00  0.00000  
  264.00  0.00959    264.00  0.00000  
  265.00  0.01920    265.00  0.00000  
  266.00  0.01526    266.00  0.00000  
  267.00  0.00769    267.00  0.00000  
  268.00 -0.00377    268.00  0.00000  
  269.00 -0.01567    269.00  0.00000  
  270.00 -0.00861    270.00  0.00000  
  271.00 -0.00377    271.00  0.00000  
  272.00  0.00000    272.00  0.00000  
  273.00  0.00815    273.00  0.00000  
  274.00  0.00421    274.00  0.00000  
  275.00  0.00000    275.00  0.00000  
  276.00 -0.00755    276.00  0.00000  
  277.00 -0.01525    277.00  0.00000  
  278.00 -0.00713    278.00  0.00000  
  279.00  0.00000    279.00  0.00000  
  280.00  0.01069    280.00  0.00000  
  281.00  0.01466    281.00  0.00000  
  282.00  0.01370    282.00  0.00000  
  283.00  0.00000    283.00  0.00000  
  284.00 -0.01041    284.00  0.00000  
  285.00 -0.01101    285.00  0.00000  
  286.00 -0.00943    286.00  0.00000  
  287.00 -0.01097    287.00  0.00000  
  288.00  0.00000    288.00  0.00000  
  289.00  0.00777    289.00  0.00000  
  290.00  0.01301    290.00  0.00000  
  291.00 -0.00409    291.00  0.00000  
  292.00 -0.01203    292.00  0.00000  
  293.00 -0.00651    293.00  0.00000  
  294.00 -0.01484    294.00  0.00000  
  295.00 -0.01233    295.00  0.00000  
  296.00  0.00000    296.00  0.00000  
  297.00  0.01145    297.00  0.00000  
  298.00  0.01374    298.00  0.00000  
  299.00  0.00000    299.00  0.00000  
  300.00 -0.00638    300.00  0.00000  
  301.00 -0.01473    301.00  0.00000  
  302.00 -0.00934    302.00  0.00000  
  303.00 -0.00312    303.00  0.00000  
  304.00  0.00642    304.00  0.00000  
  305.00  0.01541    305.00  0.00000  
  306.00  0.01841    306.00  0.00000  
  307.00  0.00337    307.00  0.00000  
  308.00 -0.00831    308.00  0.00000  
  309.00 -0.01727    309.00  0.00000  
  310.00 -0.00716    310.00  0.00000  
  311.00 -0.00555    311.00  0.00000  
  312.00  0.00000    312.00  0.00000  
  313.00  0.01189    313.00  0.00000  
  314.00  0.01578    314.00  0.00000  
  315.00  0.00000    315.00  0.00000  
  316.00 -0.01547    316.00  0.00000  
  317.00 -0.01830    317.00  0.00000  
  318.00 -0.01285    318.00  0.00000  
  319.00  0.00000    319.00  0.00000  
  320.00  0.01006    320.00  0.00000  
  321.00  0.01814    321.00  0.00000  
  322.00  0.00807    322.00  0.00000  
  323.00 -0.00651    323.00  0.00000  
  324.00 -0.01617    324.00  0.00000  
  325.00 -0.00943    325.00  0.00000  
  326.00 -0.01195    326.00  0.00000  
  327.00 -0.01661    327.00  0.00000  
  328.00  0.00518    328.00  0.00000  
  329.00  0.01506    329.00  0.00000  
  330.00  0.01060    330.00  0.00000  
  331.00 -0.00790    331.00  0.00000  
  332.00 -0.00858    332.00  0.00000  
  333.00 -0.00778    333.00  0.00000  
  334.00 -0.00347    334.00  0.00000  
  335.00  0.00000    335.00  0.00000  
  336.00  0.00422    336.00  0.00000  
  337.00  0.01097    337.00  0.00000  
  338.00  0.01145    338.00  0.00000  
  339.00  0.00000    339.00  0.00000  
  340.00  0.00000    340.00  0.00000  
  341.00 -0.01008    341.00  0.00000  
  342.00 -0.01465    342.00  0.00000  
  343.00 -0.00793    343.00  0.00000  
  344.00  0.00341    344.00  0.00000  
  345.00  0.01055    345.00  0.00000  
  346.00  0.01658    346.00  0.00000  
  347.00  0.00000    347.00  0.00000  
  348.00 -0.00367    348.00  0.00000  
  349.00 -0.00331    349.00  0.00000  
  350.00 -0.00307    350.00  0.00000  
  351.00  0.00000    351.00  0.00000  
  352.00  0.00000    352.00  0.00000  
  353.00  0.00830    353.00  0.00000  
  354.00  0.01175    354.00  0.00000  
  355.00  0.00000    355.00  0.00000  
  356.00 -0.00690    356.00  0.00000  
  357.00 -0.01229    357.00  0.00000  
  358.00 -0.00562    358.00  0.00000  
  359.00 -0.00755    359.00  0.00000  
  360.00  0.00000    360.00  0.00000  
  361.00  0.01084    361.00  0.00000  
  362.00  0.01573    362.00  0.00000  
  363.00  0.00000    363.00  0.00000  
  364.00 -0.00684    364.00  0.00000  
  365.00 -0.01723    365.00  0.00000  
  366.00 -0.00846    366.00  0.00000  
  367.00 -0.00613    367.00  0.00000  
  368.00  0.00000    368.00  0.00000  
  369.00  0.01432    369.00  0.00000  
  370.00  0.01864    370.00  0.00000  
  371.00 -0.00356    371.00  0.00000  
  372.00  0.00000    372.00  0.00000  
  373.00 -0.00612    373.00  0.00000  
  374.00  0.00000    374.00  0.00000  
  375.00  0.00000    375.00  0.00000  
  376.00  0.00863    376.00  0.00000  
  377.00  0.01839    377.00  0.00000  
  378.00  0.01215    378.00  0.00000  
  379.00  0.00000    379.00  0.00000  
  380.00 -0.01212    380.00  0.00000  
  381.00 -0.01953    381.00  0.00000  
  382.00 -0.00848    382.00  0.00000  
  383.00 -0.00619    383.00  0.00000  
  384.00  0.00000    384.00  0.00000  
  385.00  0.01602    385.00  0.00000  
  386.00  0.01932    386.00  0.00000  
  387.00  0.00659    387.00  0.00000  
  388.00 -0.00310    388.00  0.00000  
  389.00 -0.01640    389.00  0.00000  
  390.00 -0.00483    390.00  0.00000  
  391.00  0.00000    391.00  0.00000  
  392.00  0.00592    392.00  0.00000  
  393.00  0.00923    393.00  0.00000  
  394.00  0.00881    394.00  0.00000  
  395.00  0.00000    395.00  0.00000  
  396.00 -0.01365    396.00  0.00000  
  397.00 -0.01946    397.00  0.00000  
  398.00 -0.01323    398.00  0.00000  
  399.00 -0.00930    399.00  0.00000  
  400.00  0.00000    400.00  0.00000  
  401.00  0.00908    401.00  0.00000  
  402.00  0.01443    402.00  0.00000  
  403.00 -0.00488    403.00  0.00000  
  404.00 -0.01492    404.00  0.00000  
  405.00 -0.01819    405.00  0.00000  
  406.00 -0.02445    406.00  0.00000  
  407.00 -0.00469    407.00  0.00000  
  408.00  0.00458    408.00  0.00000  
  409.00  0.01187    409.00  0.00000  
  410.00  0.00564    410.00  0.00000  
  411.00 -0.00703    411.00  0.00000  
  412.00 -0.01293    412.00  0.00000  
  413.00 -0.01282    413.00  0.00000  
  414.00 -0.01446    414.00  0.00000  
  415.00  0.00000    415.00  0.00000  
  416.00  0.00998    416.00  0.00000  
  417.00  0.01648    417.00  0.00000  
  418.00  0.00662    418.00  0.00000  
  419.00 -0.00496    419.00  0.00000  
  420.00 -0.01292    420.00  0.00000  
  421.00 -0.01307    421.00  0.00000  
  422.00 -0.00672    422.00  0.00000  
  423.00 -0.00311    423.00  0.00000  
  424.00  0.01166    424.00  0.00000  
  425.00  0.02197    425.00  0.00000  
  426.00  0.01305    426.00  0.00000  
  427.00  0.00000    427.00  0.00000  
  428.00  0.00000    428.00  0.00000  
  429.00  0.00000    429.00  0.00000  
  430.00  0.00000    430.00  0.00000  
  431.00  0.00000    431.00  0.00000  
  432.00  0.01007    432.00  0.00000  
  433.00  0.01521    433.00  0.00000  
  434.00  0.01118    434.00  0.00000  
  435.00  0.00000    435.00  0.00000  
  436.00 -0.01139    436.00  0.00000  
  437.00 -0.01444    437.00  0.00000  
  438.00  0.00000    438.00  0.00000  
  439.00  0.00352    439.00  0.00000  
  440.00  0.00630    440.00  0.00000  
  441.00  0.01420    441.00  0.00000  
  442.00  0.01252    442.00  0.00000  
  443.00  0.00464    443.00  0.00000  
  444.00  0.00000    444.00  0.00000  
  445.00 -0.01226    445.00  0.00000  
  446.00 -0.01416    446.00  0.00000  
  447.00 -0.00843    447.00  0.00000  
  448.00  0.00929    448.00  0.00000  
  449.00  0.01722    449.00  0.00000  
  450.00  0.01617    450.00  0.00000  
  451.00  0.00000    451.00  0.00000  
  452.00 -0.01069    452.00  0.00000  
  453.00 -0.01232    453.00  0.00000  
  454.00 -0.00561    454.00  0.00000  
  455.00  0.00315    455.00  0.00000  
  456.00  0.00782    456.00  0.00000  
  457.00  0.01158    457.00  0.00000  
  458.00  0.01133    458.00  0.00000  
  459.00 -0.00715    459.00  0.00000  
  460.00 -0.00895    460.00  0.00000  
  461.00 -0.00855    461.00  0.00000  
  462.00 -0.00992    462.00  0.00000  
  463.00 -0.01043    463.00  0.00000  
  464.00  0.00000    464.00  0.00000  
  465.00  0.00446    465.00  0.00000  
  466.00  0.00641    466.00  0.00000  
  467.00 -0.00476    467.00  0.00000  
  468.00 -0.01633    468.00  0.00000  
  469.00 -0.01444    469.00  0.00000  
  470.00 -0.01223    470.00  0.00000  
  471.00 -0.00970    471.00  0.00000  
  472.00 -0.00678    472.00  0.00000  
  473.00  0.00000    473.00  0.00000  
  474.00  0.00437    474.00  0.00000  
  475.00  0.00000    475.00  0.00000  
  476.00 -0.00728    476.00  0.00000  
  477.00 -0.02109    477.00  0.00000  
  478.00 -0.02576    478.00  0.00000  
  479.00 -0.00586    479.00  0.00000  
  480.00  0.00000    480.00  0.00000  
  481.00  0.00000    481.00  0.00000  
  482.00  0.00629    482.00  0.00000  
  483.00  0.00650    483.00  0.00000  
  484.00 -0.00465    484.00  0.00000  
  485.00 -0.01342    485.00  0.00000  
  486.00 -0.01792    486.00  0.00000  
  487.00 -0.01207    487.00  0.00000  
  488.00  0.01032    488.00  0.00000  
  489.00  0.01908    489.00  0.00000  
  490.00 -0.00345    490.00  0.00000  
  491.00 -0.01731    491.00  0.00000  
  492.00 -0.01161    492.00  0.00000  
  493.00 -0.01048    493.00  0.00000  
  494.00 -0.00452    494.00  0.00000  
  495.00 -0.00386    495.00  0.00000  
  496.00  0.01401    496.00  0.00000  
  497.00  0.02964    497.00  0.00000  
  498.00  0.00730    498.00  0.00000  
  499.00 -0.00414    499.00  0.00000  
  500.00 -0.01518    500.00  0.00000  
  501.00 -0.00837    501.00  0.00000  
  502.00  0.00000    502.00  0.00000  
  503.00  0.00543    503.00  0.00000  
  504.00  0.01813    504.00  0.00000  
  505.00  0.01885    505.00  0.00000  
  506.00  0.01603    506.00  0.00000  
  507.00  0.01579    507.00  0.00000  
  508.00  0.00000    508.00  0.00000  
  509.00 -0.00699    509.00  0.00000  
  510.00  0.00000    510.00  0.00000  
  511.00  0.03216    511.00  0.00000  
  512.00  0.01598    512.00  0.00000  
  513.00  0.00550    513.00  0.00000  
  514.00  0.00955    514.00  0.00000  
  515.00  0.00324    515.00  0.00000  
  516.00  0.01035    516.00  0.00000  
