Date : 2022/09/13 (TUE)
Time : 08:28:55
   Film : Pattern         Review Cam  
     X        Y         X        Y    
    0.00 -0.77680      0.00  0.00000  
    1.00 -1.02471      1.00  0.00000  
    2.00 -2.27369      2.00  0.00000  
    3.00 -1.84492      3.00  0.00000  
    4.00 -1.41112      4.00  0.00000  
    5.00 -1.07451      5.00  0.00000  
    6.00 -0.82947      6.00  0.00000  
    7.00 -0.70926      7.00  0.00000  
    8.00 -0.55147      8.00  0.00000  
    9.00 -0.50545      9.00  0.00000  
   10.00 -0.45823     10.00  0.00000  
   11.00 -0.39309     11.00  0.00000  
   12.00 -0.36656     12.00  0.00000  
   13.00 -0.35809     13.00  0.00000  
   14.00 -0.31014     14.00  0.00000  
   15.00 -0.31329     15.00  0.00000  
   16.00 -0.36593     16.00  0.00000  
   17.00 -0.37577     17.00  0.00000  
   18.00 -0.38508     18.00  0.00000  
   19.00 -0.33897     19.00  0.00000  
   20.00 -0.31840     20.00  0.00000  
   21.00 -0.31165     21.00  0.00000  
   22.00 -0.28532     22.00  0.00000  
   23.00 -0.28978     23.00  0.00000  
   24.00 -0.30789     24.00  0.00000  
   25.00 -0.34473     25.00  0.00000  
   26.00 -0.26957     26.00  0.00000  
   27.00 -0.27025     27.00  0.00000  
   28.00 -0.38945     28.00  0.00000  
   29.00 -0.36439     29.00  0.00000  
   30.00 -0.33221     30.00  0.00000  
   31.00 -0.32272     31.00  0.00000  
   32.00 -0.31349     32.00  0.00000  
   33.00 -0.32120     33.00  0.00000  
   34.00 -0.32832     34.00  0.00000  
   35.00 -0.34717     35.00  0.00000  
   36.00 -0.37732     36.00  0.00000  
   37.00 -0.35198     37.00  0.00000  
   38.00 -0.31905     38.00  0.00000  
   39.00 -0.32606     39.00  0.00000  
   40.00 -0.29287     40.00  0.00000  
   41.00 -0.29021     41.00  0.00000  
   42.00 -0.29285     42.00  0.00000  
   43.00 -0.27117     43.00  0.00000  
   44.00 -0.29819     44.00  0.00000  
   45.00 -0.32171     45.00  0.00000  
   46.00 -0.34240     46.00  0.00000  
   47.00 -0.35237     47.00  0.00000  
   48.00 -0.33121     48.00  0.00000  
   49.00 -0.30346     49.00  0.00000  
   50.00 -0.31139     50.00  0.00000  
   51.00 -0.30475     51.00  0.00000  
   52.00 -0.29247     52.00  0.00000  
   53.00 -0.31257     53.00  0.00000  
   54.00 -0.35799     54.00  0.00000  
   55.00 -0.35686     55.00  0.00000  
   56.00 -0.34839     56.00  0.00000  
   57.00 -0.29918     57.00  0.00000  
   58.00 -0.31930     58.00  0.00000  
   59.00 -0.29623     59.00  0.00000  
   60.00 -0.29292     60.00  0.00000  
   61.00 -0.30114     61.00  0.00000  
   62.00 -0.33413     62.00  0.00000  
   63.00 -0.35908     63.00  0.00000  
   64.00 -0.32825     64.00  0.00000  
   65.00 -0.31848     65.00  0.00000  
   66.00 -0.31034     66.00  0.00000  
   67.00 -0.30154     67.00  0.00000  
   68.00 -0.29682     68.00  0.00000  
   69.00 -0.30933     69.00  0.00000  
   70.00 -0.33541     70.00  0.00000  
   71.00 -0.35001     71.00  0.00000  
   72.00 -0.33143     72.00  0.00000  
   73.00 -0.31014     73.00  0.00000  
   74.00 -0.28855     74.00  0.00000  
   75.00 -0.28682     75.00  0.00000  
   76.00 -0.28893     76.00  0.00000  
   77.00 -0.30466     77.00  0.00000  
   78.00 -2.05929     78.00  0.00000  
   79.00 -1.99123     79.00  0.00000  
   80.00 -1.29991     80.00  0.00000  
   81.00 -0.98317     81.00  0.00000  
   82.00 -0.77615     82.00  0.00000  
   83.00 -0.63614     83.00  0.00000  
   84.00 -0.51984     84.00  0.00000  
   85.00 -0.43189     85.00  0.00000  
   86.00 -0.38421     86.00  0.00000  
   87.00 -0.35723     87.00  0.00000  
   88.00 -0.33226     88.00  0.00000  
   89.00 -0.33239     89.00  0.00000  
   90.00 -0.34804     90.00  0.00000  
   91.00 -0.36909     91.00  0.00000  
   92.00 -0.36741     92.00  0.00000  
   93.00 -0.32179     93.00  0.00000  
   94.00 -0.31138     94.00  0.00000  
   95.00 -0.29175     95.00  0.00000  
   96.00 -0.28365     96.00  0.00000  
   97.00 -0.30208     97.00  0.00000  
   98.00 -0.34882     98.00  0.00000  
   99.00 -0.36487     99.00  0.00000  
  100.00 -0.32768    100.00  0.00000  
  101.00 -0.31085    101.00  0.00000  
  102.00 -0.31209    102.00  0.00000  
  103.00 -0.29124    103.00  0.00000  
  104.00 -0.29936    104.00  0.00000  
  105.00 -0.32283    105.00  0.00000  
  106.00 -0.34624    106.00  0.00000  
  107.00 -0.35172    107.00  0.00000  
  108.00 -0.33788    108.00  0.00000  
  109.00 -0.29822    109.00  0.00000  
  110.00 -2.00226    110.00  0.00000  
  111.00 -1.57063    111.00  0.00000  
  112.00 -1.41726    112.00  0.00000  
  113.00 -1.10611    113.00  0.00000  
  114.00 -0.85679    114.00  0.00000  
  115.00 -0.69441    115.00  0.00000  
  116.00 -0.46179    116.00  0.00000  
  117.00 -0.60041    117.00  0.00000  
  118.00 -0.53864    118.00  0.00000  
  119.00 -0.45575    119.00  0.00000  
  120.00 -0.38091    120.00  0.00000  
  121.00 -0.33642    121.00  0.00000  
  122.00 -0.32670    122.00  0.00000  
  123.00 -0.34002    123.00  0.00000  
  124.00 -0.33627    124.00  0.00000  
  125.00 -0.31950    125.00  0.00000  
  126.00 -0.29617    126.00  0.00000  
  127.00 -0.28089    127.00  0.00000  
  128.00 -0.27085    128.00  0.00000  
  129.00 -0.36247    129.00  0.00000  
  130.00 -0.36411    130.00  0.00000  
  131.00 -0.35731    131.00  0.00000  
  132.00 -0.35163    132.00  0.00000  
  133.00 -0.32958    133.00  0.00000  
  134.00 -0.28944    134.00  0.00000  
  135.00 -0.19024    135.00  0.00000  
  136.00 -0.12331    136.00  0.00000  
  137.00 -0.10103    137.00  0.00000  
  138.00 -0.12228    138.00  0.00000  
  139.00 -0.16405    139.00  0.00000  
  140.00 -0.19376    140.00  0.00000  
  141.00 -0.20734    141.00  0.00000  
  142.00 -0.20673    142.00  0.00000  
  143.00 -0.22666    143.00  0.00000  
  144.00 -0.21753    144.00  0.00000  
  145.00 -0.23267    145.00  0.00000  
  146.00 -0.26343    146.00  0.00000  
  147.00 -0.29869    147.00  0.00000  
  148.00 -0.25315    148.00  0.00000  
  149.00 -0.43476    149.00  0.00000  
  150.00 -0.42873    150.00  0.00000  
  151.00 -0.39659    151.00  0.00000  
  152.00 -0.35172    152.00  0.00000  
  153.00 -0.32990    153.00  0.00000  
  154.00 -0.33293    154.00  0.00000  
  155.00 -0.33330    155.00  0.00000  
  156.00 -0.36627    156.00  0.00000  
  157.00 -0.33829    157.00  0.00000  
  158.00 -0.32084    158.00  0.00000  
  159.00 -0.29783    159.00  0.00000  
  160.00 -0.27365    160.00  0.00000  
  161.00 -0.27816    161.00  0.00000  
  162.00 -0.28436    162.00  0.00000  
  163.00 -0.32572    163.00  0.00000  
  164.00 -0.34194    164.00  0.00000  
  165.00 -0.32624    165.00  0.00000  
  166.00 -0.29559    166.00  0.00000  
  167.00 -0.29264    167.00  0.00000  
  168.00 -0.27022    168.00  0.00000  
  169.00 -0.27643    169.00  0.00000  
  170.00 -0.29913    170.00  0.00000  
  171.00 -0.32688    171.00  0.00000  
  172.00 -0.35107    172.00  0.00000  
  173.00 -0.33390    173.00  0.00000  
  174.00 -0.30083    174.00  0.00000  
  175.00 -0.30267    175.00  0.00000  
  176.00 -0.28883    176.00  0.00000  
  177.00 -0.29164    177.00  0.00000  
  178.00 -0.32192    178.00  0.00000  
  179.00 -0.35710    179.00  0.00000  
  180.00 -0.38058    180.00  0.00000  
  181.00 -0.46526    181.00  0.00000  
  182.00 -0.41875    182.00  0.00000  
  183.00 -0.38935    183.00  0.00000  
  184.00 -0.34821    184.00  0.00000  
  185.00 -0.34820    185.00  0.00000  
  186.00 -0.36554    186.00  0.00000  
  187.00 -0.38405    187.00  0.00000  
  188.00 -0.38997    188.00  0.00000  
  189.00 -0.36462    189.00  0.00000  
  190.00 -0.33152    190.00  0.00000  
  191.00 -0.34094    191.00  0.00000  
  192.00 -0.32817    192.00  0.00000  
  193.00 -0.33472    193.00  0.00000  
  194.00 -0.35215    194.00  0.00000  
  195.00 -0.36800    195.00  0.00000  
  196.00 -0.40549    196.00  0.00000  
  197.00 -0.37286    197.00  0.00000  
  198.00 -0.34687    198.00  0.00000  
  199.00 -0.36068    199.00  0.00000  
  200.00 -0.34397    200.00  0.00000  
  201.00 -0.35012    201.00  0.00000  
  202.00 -0.35477    202.00  0.00000  
  203.00 -0.38083    203.00  0.00000  
  204.00 -0.39164    204.00  0.00000  
  205.00 -0.39187    205.00  0.00000  
  206.00 -0.34513    206.00  0.00000  
  207.00 -0.34178    207.00  0.00000  
  208.00 -0.32019    208.00  0.00000  
  209.00 -0.34397    209.00  0.00000  
  210.00 -0.36381    210.00  0.00000  
  211.00 -0.39215    211.00  0.00000  
  212.00 -0.41353    212.00  0.00000  
  213.00 -0.39995    213.00  0.00000  
  214.00 -0.37448    214.00  0.00000  
  215.00 -0.36109    215.00  0.00000  
  216.00 -0.35495    216.00  0.00000  
  217.00 -0.34525    217.00  0.00000  
  218.00 -0.35101    218.00  0.00000  
  219.00 -0.37767    219.00  0.00000  
  220.00 -0.39910    220.00  0.00000  
  221.00 -0.38657    221.00  0.00000  
  222.00 -0.45862    222.00  0.00000  
  223.00 -0.45300    223.00  0.00000  
  224.00 -0.41447    224.00  0.00000  
  225.00 -0.40934    225.00  0.00000  
  226.00 -0.40468    226.00  0.00000  
  227.00 -0.41825    227.00  0.00000  
  228.00 -0.41583    228.00  0.00000  
  229.00 -0.37938    229.00  0.00000  
  230.00 -0.35270    230.00  0.00000  
  231.00 -0.35284    231.00  0.00000  
  232.00 -0.35101    232.00  0.00000  
  233.00 -0.34973    233.00  0.00000  
  234.00 -0.36544    234.00  0.00000  
  235.00 -0.39514    235.00  0.00000  
  236.00 -0.40533    236.00  0.00000  
  237.00 -0.39940    237.00  0.00000  
  238.00 -0.45903    238.00  0.00000  
  239.00 -0.45197    239.00  0.00000  
  240.00 -0.39632    240.00  0.00000  
  241.00 -0.37444    241.00  0.00000  
  242.00 -0.38063    242.00  0.00000  
  243.00 -0.40201    243.00  0.00000  
  244.00 -0.40134    244.00  0.00000  
  245.00 -0.38364    245.00  0.00000  
  246.00 -0.36180    246.00  0.00000  
  247.00 -0.35230    247.00  0.00000  
  248.00 -0.32786    248.00  0.00000  
  249.00 -0.32417    249.00  0.00000  
  250.00 -0.34106    250.00  0.00000  
  251.00 -0.36869    251.00  0.00000  
  252.00 -0.40193    252.00  0.00000  
  253.00 -0.39054    253.00  0.00000  
  254.00 -0.33967    254.00  0.00000  
  255.00 -0.33643    255.00  0.00000  
  256.00 -0.32449    256.00  0.00000  
  257.00 -0.32775    257.00  0.00000  
  258.00 -0.34709    258.00  0.00000  
  259.00 -0.38426    259.00  0.00000  
  260.00 -0.38546    260.00  0.00000  
  261.00 -0.37296    261.00  0.00000  
  262.00 -0.34770    262.00  0.00000  
  263.00 -0.34761    263.00  0.00000  
  264.00 -0.31704    264.00  0.00000  
  265.00 -0.32055    265.00  0.00000  
  266.00 -0.33942    266.00  0.00000  
  267.00 -0.36354    267.00  0.00000  
  268.00 -0.36583    268.00  0.00000  
  269.00 -0.35697    269.00  0.00000  
  270.00 -0.33089    270.00  0.00000  
  271.00 -0.32666    271.00  0.00000  
  272.00 -0.29931    272.00  0.00000  
  273.00 -0.30656    273.00  0.00000  
  274.00 -0.32723    274.00  0.00000  
  275.00 -0.35399    275.00  0.00000  
  276.00 -0.35995    276.00  0.00000  
  277.00 -0.35039    277.00  0.00000  
  278.00 -0.31346    278.00  0.00000  
  279.00 -0.31855    279.00  0.00000  
  280.00 -0.29563    280.00  0.00000  
  281.00 -0.29850    281.00  0.00000  
  282.00 -0.30909    282.00  0.00000  
  283.00 -0.34688    283.00  0.00000  
  284.00 -0.35903    284.00  0.00000  
  285.00 -0.33782    285.00  0.00000  
  286.00 -0.30662    286.00  0.00000  
  287.00 -0.31951    287.00  0.00000  
  288.00 -0.29526    288.00  0.00000  
  289.00 -0.29895    289.00  0.00000  
  290.00 -0.30962    290.00  0.00000  
  291.00 -0.33071    291.00  0.00000  
  292.00 -0.34935    292.00  0.00000  
  293.00 -0.33062    293.00  0.00000  
  294.00 -0.27994    294.00  0.00000  
  295.00 -0.29146    295.00  0.00000  
  296.00 -0.29006    296.00  0.00000  
  297.00 -0.29652    297.00  0.00000  
  298.00 -0.29930    298.00  0.00000  
  299.00 -0.33540    299.00  0.00000  
  300.00 -0.34502    300.00  0.00000  
  301.00 -0.33170    301.00  0.00000  
  302.00 -0.30488    302.00  0.00000  
  303.00 -0.29828    303.00  0.00000  
  304.00 -0.27900    304.00  0.00000  
  305.00 -0.27641    305.00  0.00000  
  306.00 -0.30321    306.00  0.00000  
  307.00 -0.33254    307.00  0.00000  
  308.00 -0.32918    308.00  0.00000  
  309.00 -0.32826    309.00  0.00000  
  310.00 -0.30519    310.00  0.00000  
  311.00 -0.29903    311.00  0.00000  
  312.00 -0.27013    312.00  0.00000  
  313.00 -0.27431    313.00  0.00000  
  314.00 -0.29355    314.00  0.00000  
  315.00 -0.31936    315.00  0.00000  
  316.00 -0.33244    316.00  0.00000  
  317.00 -0.31773    317.00  0.00000  
  318.00 -0.28574    318.00  0.00000  
  319.00 -0.28568    319.00  0.00000  
  320.00 -0.26623    320.00  0.00000  
  321.00 -0.27023    321.00  0.00000  
  322.00 -0.28530    322.00  0.00000  
  323.00 -0.31848    323.00  0.00000  
  324.00 -0.33701    324.00  0.00000  
  325.00 -0.32201    325.00  0.00000  
  326.00 -0.28853    326.00  0.00000  
  327.00 -0.28171    327.00  0.00000  
  328.00 -0.26925    328.00  0.00000  
  329.00 -0.27650    329.00  0.00000  
  330.00 -0.28989    330.00  0.00000  
  331.00 -0.32286    331.00  0.00000  
  332.00 -0.34556    332.00  0.00000  
  333.00 -0.32684    333.00  0.00000  
  334.00 -0.30448    334.00  0.00000  
  335.00 -0.28139    335.00  0.00000  
  336.00 -0.27631    336.00  0.00000  
  337.00 -0.28675    337.00  0.00000  
  338.00 -0.31247    338.00  0.00000  
  339.00 -0.32999    339.00  0.00000  
  340.00 -0.34622    340.00  0.00000  
  341.00 -0.33296    341.00  0.00000  
  342.00 -0.29755    342.00  0.00000  
  343.00 -0.29660    343.00  0.00000  
  344.00 -0.28279    344.00  0.00000  
  345.00 -0.28017    345.00  0.00000  
  346.00 -0.30669    346.00  0.00000  
  347.00 -0.34184    347.00  0.00000  
  348.00 -0.34220    348.00  0.00000  
  349.00 -0.33357    349.00  0.00000  
  350.00 -0.31185    350.00  0.00000  
  351.00 -0.30916    351.00  0.00000  
  352.00 -0.28531    352.00  0.00000  
  353.00 -0.29275    353.00  0.00000  
  354.00 -0.31623    354.00  0.00000  
  355.00 -0.35169    355.00  0.00000  
  356.00 -0.34711    356.00  0.00000  
  357.00 -0.34194    357.00  0.00000  
  358.00 -0.31041    358.00  0.00000  
  359.00 -0.32411    359.00  0.00000  
  360.00 -0.31644    360.00  0.00000  
  361.00 -0.31922    361.00  0.00000  
  362.00 -0.33538    362.00  0.00000  
  363.00 -0.36663    363.00  0.00000  
  364.00 -0.37047    364.00  0.00000  
  365.00 -0.35531    365.00  0.00000  
  366.00 -0.31978    366.00  0.00000  
  367.00 -0.33722    367.00  0.00000  
  368.00 -0.33231    368.00  0.00000  
  369.00 -0.33858    369.00  0.00000  
  370.00 -0.35524    370.00  0.00000  
  371.00 -0.38113    371.00  0.00000  
  372.00 -0.37390    372.00  0.00000  
  373.00 -0.35460    373.00  0.00000  
  374.00 -0.32210    374.00  0.00000  
  375.00 -0.33560    375.00  0.00000  
  376.00 -0.32266    376.00  0.00000  
  377.00 -0.33139    377.00  0.00000  
  378.00 -0.35794    378.00  0.00000  
  379.00 -0.38233    379.00  0.00000  
  380.00 -0.39026    380.00  0.00000  
  381.00 -0.37166    381.00  0.00000  
  382.00 -0.33659    382.00  0.00000  
  383.00 -0.32921    383.00  0.00000  
  384.00 -0.31640    384.00  0.00000  
  385.00 -0.32761    385.00  0.00000  
  386.00 -0.35128    386.00  0.00000  
  387.00 -0.37681    387.00  0.00000  
  388.00 -0.37536    388.00  0.00000  
  389.00 -0.36720    389.00  0.00000  
  390.00 -0.33364    390.00  0.00000  
  391.00 -0.33563    391.00  0.00000  
  392.00 -0.31663    392.00  0.00000  
  393.00 -0.31457    393.00  0.00000  
  394.00 -0.32996    394.00  0.00000  
  395.00 -0.36237    395.00  0.00000  
  396.00 -0.36718    396.00  0.00000  
  397.00 -0.36043    397.00  0.00000  
  398.00 -0.33568    398.00  0.00000  
  399.00 -0.33780    399.00  0.00000  
  400.00 -0.30860    400.00  0.00000  
  401.00 -0.31910    401.00  0.00000  
  402.00 -0.33545    402.00  0.00000  
  403.00 -0.36014    403.00  0.00000  
  404.00 -0.36542    404.00  0.00000  
  405.00 -0.35152    405.00  0.00000  
  406.00 -0.32498    406.00  0.00000  
  407.00 -0.33814    407.00  0.00000  
  408.00 -0.32743    408.00  0.00000  
  409.00 -0.31982    409.00  0.00000  
  410.00 -0.34676    410.00  0.00000  
  411.00 -0.37114    411.00  0.00000  
  412.00 -0.37607    412.00  0.00000  
  413.00 -0.35689    413.00  0.00000  
  414.00 -0.32523    414.00  0.00000  
  415.00 -0.33516    415.00  0.00000  
  416.00 -0.31467    416.00  0.00000  
  417.00 -0.31530    417.00  0.00000  
  418.00 -0.33679    418.00  0.00000  
  419.00 -0.37351    419.00  0.00000  
  420.00 -0.37071    420.00  0.00000  
  421.00 -0.36910    421.00  0.00000  
  422.00 -0.33735    422.00  0.00000  
  423.00 -0.32059    423.00  0.00000  
  424.00 -0.30689    424.00  0.00000  
  425.00 -0.30475    425.00  0.00000  
  426.00 -0.32458    426.00  0.00000  
  427.00 -0.36014    427.00  0.00000  
  428.00 -0.35913    428.00  0.00000  
  429.00 -0.34729    429.00  0.00000  
  430.00 -0.32363    430.00  0.00000  
  431.00 -0.32218    431.00  0.00000  
  432.00 -0.30385    432.00  0.00000  
  433.00 -0.30186    433.00  0.00000  
  434.00 -0.31067    434.00  0.00000  
  435.00 -0.34077    435.00  0.00000  
  436.00 -0.34813    436.00  0.00000  
  437.00 -0.34333    437.00  0.00000  
  438.00 -0.32757    438.00  0.00000  
  439.00 -0.33671    439.00  0.00000  
  440.00 -0.32135    440.00  0.00000  
  441.00 -0.30944    441.00  0.00000  
  442.00 -0.33856    442.00  0.00000  
  443.00 -0.35577    443.00  0.00000  
  444.00 -0.36047    444.00  0.00000  
  445.00 -0.34634    445.00  0.00000  
  446.00 -0.33308    446.00  0.00000  
  447.00 -0.33644    447.00  0.00000  
  448.00 -0.31449    448.00  0.00000  
  449.00 -0.30401    449.00  0.00000  
  450.00 -0.32517    450.00  0.00000  
  451.00 -0.34980    451.00  0.00000  
  452.00 -0.36778    452.00  0.00000  
  453.00 -0.36258    453.00  0.00000  
  454.00 -0.33185    454.00  0.00000  
  455.00 -0.32828    455.00  0.00000  
  456.00 -0.31112    456.00  0.00000  
  457.00 -0.30562    457.00  0.00000  
  458.00 -0.32168    458.00  0.00000  
  459.00 -0.34332    459.00  0.00000  
  460.00 -0.36448    460.00  0.00000  
  461.00 -0.35551    461.00  0.00000  
  462.00 -0.34193    462.00  0.00000  
  463.00 -0.33288    463.00  0.00000  
  464.00 -0.30163    464.00  0.00000  
  465.00 -0.30167    465.00  0.00000  
  466.00 -0.32339    466.00  0.00000  
  467.00 -0.34560    467.00  0.00000  
  468.00 -0.35973    468.00  0.00000  
  469.00 -0.34671    469.00  0.00000  
  470.00 -0.31708    470.00  0.00000  
  471.00 -0.30975    471.00  0.00000  
  472.00 -0.29877    472.00  0.00000  
  473.00 -0.29795    473.00  0.00000  
  474.00 -0.30644    474.00  0.00000  
  475.00 -0.34902    475.00  0.00000  
  476.00 -0.37192    476.00  0.00000  
  477.00 -0.34535    477.00  0.00000  
  478.00 -0.31980    478.00  0.00000  
  479.00 -0.32249    479.00  0.00000  
  480.00 -0.30849    480.00  0.00000  
  481.00 -0.29207    481.00  0.00000  
  482.00 -0.31744    482.00  0.00000  
  483.00 -0.35278    483.00  0.00000  
  484.00 -0.35706    484.00  0.00000  
  485.00 -0.33062    485.00  0.00000  
  486.00 -0.30372    486.00  0.00000  
  487.00 -0.30445    487.00  0.00000  
  488.00 -0.28944    488.00  0.00000  
  489.00 -0.28400    489.00  0.00000  
