Date : 2022/09/13 (TUE)
Time : 08:28:47
   Film : Pattern         Review Cam  
     X        Y         X        Y    
    0.00 -0.17581      0.00  0.00000  
    1.00 -0.19013      1.00  0.00000  
    2.00 -0.07955      2.00  0.00000  
    3.00  0.00000      3.00  0.00000  
    4.00  0.00000      4.00  0.00000  
    5.00 -0.02353      5.00  0.00000  
    6.00 -0.00962      6.00  0.00000  
    7.00 -0.02038      7.00  0.00000  
    8.00  0.00000      8.00  0.00000  
    9.00 -0.00600      9.00  0.00000  
   10.00 -0.01442     10.00  0.00000  
   11.00 -0.01873     11.00  0.00000  
   12.00 -0.02259     12.00  0.00000  
   13.00 -0.01424     13.00  0.00000  
   14.00 -0.02180     14.00  0.00000  
   15.00 -0.02487     15.00  0.00000  
   16.00 -0.01975     16.00  0.00000  
   17.00  0.00000     17.00  0.00000  
   18.00  0.00000     18.00  0.00000  
   19.00 -0.01301     19.00  0.00000  
   20.00 -0.00890     20.00  0.00000  
   21.00 -0.00479     21.00  0.00000  
   22.00 -0.00747     22.00  0.00000  
   23.00 -0.01480     23.00  0.00000  
   24.00  0.00601     24.00  0.00000  
   25.00  0.00476     25.00  0.00000  
   26.00 -0.02276     26.00  0.00000  
   27.00 -0.01678     27.00  0.00000  
   28.00  0.02812     28.00  0.00000  
   29.00  0.01273     29.00  0.00000  
   30.00  0.00000     30.00  0.00000  
   31.00  0.00361     31.00  0.00000  
   32.00  0.00000     32.00  0.00000  
   33.00 -0.00593     33.00  0.00000  
   34.00 -0.00482     34.00  0.00000  
   35.00  0.01008     35.00  0.00000  
   36.00  0.01115     36.00  0.00000  
   37.00 -0.00349     37.00  0.00000  
   38.00 -0.00827     38.00  0.00000  
   39.00  0.00523     39.00  0.00000  
   40.00 -0.01338     40.00  0.00000  
   41.00 -0.00701     41.00  0.00000  
   42.00 -0.00747     42.00  0.00000  
   43.00 -0.00548     43.00  0.00000  
   44.00 -0.01514     44.00  0.00000  
   45.00  0.00000     45.00  0.00000  
   46.00  0.01170     46.00  0.00000  
   47.00  0.00000     47.00  0.00000  
   48.00  0.01120     48.00  0.00000  
   49.00 -0.00356     49.00  0.00000  
   50.00  0.00516     50.00  0.00000  
   51.00 -0.00586     51.00  0.00000  
   52.00 -0.00668     52.00  0.00000  
   53.00  0.00448     53.00  0.00000  
   54.00  0.01682     54.00  0.00000  
   55.00  0.00000     55.00  0.00000  
   56.00  0.00000     56.00  0.00000  
   57.00  0.00930     57.00  0.00000  
   58.00 -0.00604     58.00  0.00000  
   59.00 -0.00946     59.00  0.00000  
   60.00 -0.00497     60.00  0.00000  
   61.00  0.00000     61.00  0.00000  
   62.00  0.00962     62.00  0.00000  
   63.00  0.00559     63.00  0.00000  
   64.00  0.00000     64.00  0.00000  
   65.00 -0.00422     65.00  0.00000  
   66.00  0.00000     66.00  0.00000  
   67.00 -0.00447     67.00  0.00000  
   68.00 -0.01162     68.00  0.00000  
   69.00  0.00348     69.00  0.00000  
   70.00  0.00305     70.00  0.00000  
   71.00  0.00000     71.00  0.00000  
   72.00 -0.00472     72.00  0.00000  
   73.00 -0.00885     73.00  0.00000  
   74.00 -0.00517     74.00  0.00000  
   75.00 -0.01072     75.00  0.00000  
   76.00 -0.01700     76.00  0.00000  
   77.00  0.00892     77.00  0.00000  
   78.00  0.01549     78.00  0.00000  
   79.00 -0.00804     79.00  0.00000  
   80.00 -0.01010     80.00  0.00000  
   81.00  0.01176     81.00  0.00000  
   82.00  0.01254     82.00  0.00000  
   83.00  0.00301     83.00  0.00000  
   84.00  0.00000     84.00  0.00000  
   85.00  0.00000     85.00  0.00000  
   86.00 -0.00599     86.00  0.00000  
   87.00 -0.01725     87.00  0.00000  
   88.00 -0.01084     88.00  0.00000  
   89.00  0.00507     89.00  0.00000  
   90.00  0.01273     90.00  0.00000  
   91.00  0.00372     91.00  0.00000  
   92.00  0.00000     92.00  0.00000  
   93.00 -0.00373     93.00  0.00000  
   94.00 -0.00889     94.00  0.00000  
   95.00 -0.00962     95.00  0.00000  
   96.00 -0.01355     96.00  0.00000  
   97.00 -0.01168     97.00  0.00000  
   98.00  0.01007     98.00  0.00000  
   99.00  0.02273     99.00  0.00000  
  100.00  0.00000    100.00  0.00000  
  101.00 -0.00417    101.00  0.00000  
  102.00 -0.00311    102.00  0.00000  
  103.00 -0.00486    103.00  0.00000  
  104.00 -0.00700    104.00  0.00000  
  105.00 -0.00407    105.00  0.00000  
  106.00  0.01927    106.00  0.00000  
  107.00  0.00806    107.00  0.00000  
  108.00 -0.00802    108.00  0.00000  
  109.00  0.00450    109.00  0.00000  
  110.00 -0.01731    110.00  0.00000  
  111.00  0.00000    111.00  0.00000  
  112.00  0.00000    112.00  0.00000  
  113.00 -0.00830    113.00  0.00000  
  114.00  0.01037    114.00  0.00000  
  115.00  0.02229    115.00  0.00000  
  116.00  0.00800    116.00  0.00000  
  117.00  0.00000    117.00  0.00000  
  118.00  0.01068    118.00  0.00000  
  119.00  0.00000    119.00  0.00000  
  120.00 -0.00607    120.00  0.00000  
  121.00 -0.00802    121.00  0.00000  
  122.00  0.00887    122.00  0.00000  
  123.00  0.00000    123.00  0.00000  
  124.00  0.00560    124.00  0.00000  
  125.00 -0.00390    125.00  0.00000  
  126.00 -0.00655    126.00  0.00000  
  127.00 -0.00359    127.00  0.00000  
  128.00 -0.01203    128.00  0.00000  
  129.00 -0.00385    129.00  0.00000  
  130.00  0.00552    130.00  0.00000  
  131.00  0.00615    131.00  0.00000  
  132.00 -0.00382    132.00  0.00000  
  133.00  0.00817    133.00  0.00000  
  134.00  0.00582    134.00  0.00000  
  135.00  0.00679    135.00  0.00000  
  136.00 -0.00706    136.00  0.00000  
  137.00 -0.01893    137.00  0.00000  
  138.00  0.00000    138.00  0.00000  
  139.00  0.00000    139.00  0.00000  
  140.00  0.00446    140.00  0.00000  
  141.00  0.00000    141.00  0.00000  
  142.00  0.00000    142.00  0.00000  
  143.00 -0.00585    143.00  0.00000  
  144.00 -0.01396    144.00  0.00000  
  145.00 -0.00810    145.00  0.00000  
  146.00  0.00000    146.00  0.00000  
  147.00  0.01527    147.00  0.00000  
  148.00  0.00818    148.00  0.00000  
  149.00  0.00000    149.00  0.00000  
  150.00 -0.01866    150.00  0.00000  
  151.00 -0.01338    151.00  0.00000  
  152.00 -0.00579    152.00  0.00000  
  153.00 -0.01067    153.00  0.00000  
  154.00  0.00000    154.00  0.00000  
  155.00  0.01173    155.00  0.00000  
  156.00  0.00000    156.00  0.00000  
  157.00  0.00000    157.00  0.00000  
  158.00 -0.01125    158.00  0.00000  
  159.00 -0.00406    159.00  0.00000  
  160.00 -0.00663    160.00  0.00000  
  161.00 -0.00938    161.00  0.00000  
  162.00  0.00395    162.00  0.00000  
  163.00  0.00522    163.00  0.00000  
  164.00 -0.00779    164.00  0.00000  
  165.00 -0.00746    165.00  0.00000  
  166.00 -0.00332    166.00  0.00000  
  167.00 -0.00786    167.00  0.00000  
  168.00 -0.01128    168.00  0.00000  
  169.00 -0.01578    169.00  0.00000  
  170.00  0.00000    170.00  0.00000  
  171.00  0.00503    171.00  0.00000  
  172.00  0.01052    172.00  0.00000  
  173.00 -0.00516    173.00  0.00000  
  174.00 -0.00324    174.00  0.00000  
  175.00  0.00597    175.00  0.00000  
  176.00 -0.00301    176.00  0.00000  
  177.00 -0.01205    177.00  0.00000  
  178.00  0.00000    178.00  0.00000  
  179.00  0.00931    179.00  0.00000  
  180.00  0.02076    180.00  0.00000  
  181.00 -0.00513    181.00  0.00000  
  182.00 -0.00781    182.00  0.00000  
  183.00  0.01254    183.00  0.00000  
  184.00 -0.01310    184.00  0.00000  
  185.00 -0.00917    185.00  0.00000  
  186.00 -0.00623    186.00  0.00000  
  187.00  0.00000    187.00  0.00000  
  188.00  0.00726    188.00  0.00000  
  189.00  0.01124    189.00  0.00000  
  190.00 -0.00653    190.00  0.00000  
  191.00 -0.01085    191.00  0.00000  
  192.00 -0.01255    192.00  0.00000  
  193.00 -0.01182    193.00  0.00000  
  194.00  0.01096    194.00  0.00000  
  195.00  0.02490    195.00  0.00000  
  196.00 -0.00315    196.00  0.00000  
  197.00  0.00000    197.00  0.00000  
  198.00  0.00000    198.00  0.00000  
  199.00 -0.00514    199.00  0.00000  
  200.00 -0.00642    200.00  0.00000  
  201.00 -0.00501    201.00  0.00000  
  202.00  0.00973    202.00  0.00000  
  203.00  0.01590    203.00  0.00000  
  204.00  0.00000    204.00  0.00000  
  205.00 -0.00788    205.00  0.00000  
  206.00  0.00000    206.00  0.00000  
  207.00  0.00000    207.00  0.00000  
  208.00  0.00000    208.00  0.00000  
  209.00  0.00000    209.00  0.00000  
  210.00  0.00972    210.00  0.00000  
  211.00  0.01556    211.00  0.00000  
  212.00  0.01125    212.00  0.00000  
  213.00 -0.00330    213.00  0.00000  
  214.00 -0.01105    214.00  0.00000  
  215.00  0.00000    215.00  0.00000  
  216.00 -0.00860    216.00  0.00000  
  217.00 -0.01580    217.00  0.00000  
  218.00  0.00000    218.00  0.00000  
  219.00  0.00793    219.00  0.00000  
  220.00  0.00645    220.00  0.00000  
  221.00 -0.00416    221.00  0.00000  
  222.00 -0.00845    222.00  0.00000  
  223.00 -0.00435    223.00  0.00000  
  224.00 -0.00393    224.00  0.00000  
  225.00  0.00000    225.00  0.00000  
  226.00  0.00479    226.00  0.00000  
  227.00  0.01156    227.00  0.00000  
  228.00  0.01311    228.00  0.00000  
  229.00  0.00519    229.00  0.00000  
  230.00  0.00000    230.00  0.00000  
  231.00  0.00000    231.00  0.00000  
  232.00  0.00000    232.00  0.00000  
  233.00  0.00000    233.00  0.00000  
  234.00  0.00909    234.00  0.00000  
  235.00  0.02273    235.00  0.00000  
  236.00  0.01700    236.00  0.00000  
  237.00  0.00468    237.00  0.00000  
  238.00  0.00434    238.00  0.00000  
  239.00  0.00935    239.00  0.00000  
  240.00  0.00000    240.00  0.00000  
  241.00  0.00000    241.00  0.00000  
  242.00  0.00553    242.00  0.00000  
  243.00  0.01618    243.00  0.00000  
  244.00  0.00580    244.00  0.00000  
  245.00  0.00000    245.00  0.00000  
  246.00 -0.00796    246.00  0.00000  
  247.00 -0.00321    247.00  0.00000  
  248.00 -0.00385    248.00  0.00000  
  249.00 -0.00786    249.00  0.00000  
  250.00  0.00000    250.00  0.00000  
  251.00  0.00920    251.00  0.00000  
  252.00  0.01013    252.00  0.00000  
  253.00  0.00635    253.00  0.00000  
  254.00  0.00000    254.00  0.00000  
  255.00  0.00000    255.00  0.00000  
  256.00 -0.00713    256.00  0.00000  
  257.00 -0.01396    257.00  0.00000  
  258.00  0.00939    258.00  0.00000  
  259.00  0.01074    259.00  0.00000  
  260.00  0.00755    260.00  0.00000  
  261.00 -0.00451    261.00  0.00000  
  262.00 -0.00506    262.00  0.00000  
  263.00  0.00000    263.00  0.00000  
  264.00  0.00000    264.00  0.00000  
  265.00 -0.00842    265.00  0.00000  
  266.00  0.00000    266.00  0.00000  
  267.00  0.01780    267.00  0.00000  
  268.00  0.01451    268.00  0.00000  
  269.00  0.00000    269.00  0.00000  
  270.00  0.00000    270.00  0.00000  
  271.00  0.00000    271.00  0.00000  
  272.00 -0.01093    272.00  0.00000  
  273.00 -0.00947    273.00  0.00000  
  274.00 -0.00962    274.00  0.00000  
  275.00  0.00675    275.00  0.00000  
  276.00  0.00575    276.00  0.00000  
  277.00  0.00000    277.00  0.00000  
  278.00 -0.01000    278.00  0.00000  
  279.00  0.00000    279.00  0.00000  
  280.00  0.00000    280.00  0.00000  
  281.00 -0.01099    281.00  0.00000  
  282.00 -0.00843    282.00  0.00000  
  283.00  0.00000    283.00  0.00000  
  284.00  0.00639    284.00  0.00000  
  285.00  0.00585    285.00  0.00000  
  286.00 -0.00555    286.00  0.00000  
  287.00 -0.00619    287.00  0.00000  
  288.00 -0.01227    288.00  0.00000  
  289.00 -0.00670    289.00  0.00000  
  290.00  0.00000    290.00  0.00000  
  291.00  0.00903    291.00  0.00000  
  292.00  0.00596    292.00  0.00000  
  293.00  0.00489    293.00  0.00000  
  294.00  0.00000    294.00  0.00000  
  295.00  0.00000    295.00  0.00000  
  296.00 -0.00909    296.00  0.00000  
  297.00 -0.01735    297.00  0.00000  
  298.00  0.00000    298.00  0.00000  
  299.00  0.01137    299.00  0.00000  
  300.00  0.00532    300.00  0.00000  
  301.00  0.00000    301.00  0.00000  
  302.00 -0.00536    302.00  0.00000  
  303.00 -0.00897    303.00  0.00000  
  304.00 -0.01353    304.00  0.00000  
  305.00 -0.01732    305.00  0.00000  
  306.00  0.00546    306.00  0.00000  
  307.00  0.01321    307.00  0.00000  
  308.00  0.01148    308.00  0.00000  
  309.00  0.00000    309.00  0.00000  
  310.00  0.00559    310.00  0.00000  
  311.00  0.00482    311.00  0.00000  
  312.00 -0.01164    312.00  0.00000  
  313.00 -0.01596    313.00  0.00000  
  314.00 -0.02062    314.00  0.00000  
  315.00  0.00000    315.00  0.00000  
  316.00  0.01283    316.00  0.00000  
  317.00  0.01525    317.00  0.00000  
  318.00 -0.01362    318.00  0.00000  
  319.00 -0.01193    319.00  0.00000  
  320.00 -0.00764    320.00  0.00000  
  321.00  0.00000    321.00  0.00000  
  322.00  0.00894    322.00  0.00000  
  323.00  0.01468    323.00  0.00000  
  324.00  0.00372    324.00  0.00000  
  325.00  0.00000    325.00  0.00000  
  326.00 -0.00737    326.00  0.00000  
  327.00 -0.00498    327.00  0.00000  
  328.00 -0.00576    328.00  0.00000  
  329.00 -0.01136    329.00  0.00000  
  330.00 -0.00386    330.00  0.00000  
  331.00  0.00742    331.00  0.00000  
  332.00  0.01511    332.00  0.00000  
  333.00  0.00450    333.00  0.00000  
  334.00 -0.00754    334.00  0.00000  
  335.00  0.00000    335.00  0.00000  
  336.00  0.00000    336.00  0.00000  
  337.00 -0.00828    337.00  0.00000  
  338.00  0.00000    338.00  0.00000  
  339.00  0.01001    339.00  0.00000  
  340.00  0.01211    340.00  0.00000  
  341.00  0.00000    341.00  0.00000  
  342.00 -0.00339    342.00  0.00000  
  343.00  0.00000    343.00  0.00000  
  344.00 -0.00354    344.00  0.00000  
  345.00  0.00000    345.00  0.00000  
  346.00  0.00000    346.00  0.00000  
  347.00  0.01337    347.00  0.00000  
  348.00  0.01048    348.00  0.00000  
  349.00  0.00455    349.00  0.00000  
  350.00 -0.00628    350.00  0.00000  
  351.00 -0.01136    351.00  0.00000  
  352.00 -0.00899    352.00  0.00000  
  353.00 -0.00571    353.00  0.00000  
  354.00  0.00000    354.00  0.00000  
  355.00  0.00905    355.00  0.00000  
  356.00  0.00991    356.00  0.00000  
  357.00 -0.00555    357.00  0.00000  
  358.00 -0.00838    358.00  0.00000  
  359.00  0.00454    359.00  0.00000  
  360.00  0.00000    360.00  0.00000  
  361.00  0.00000    361.00  0.00000  
  362.00  0.00711    362.00  0.00000  
  363.00  0.00778    363.00  0.00000  
  364.00  0.00396    364.00  0.00000  
  365.00  0.00000    365.00  0.00000  
  366.00  0.00000    366.00  0.00000  
  367.00  0.00000    367.00  0.00000  
  368.00 -0.01247    368.00  0.00000  
  369.00 -0.01431    369.00  0.00000  
  370.00  0.00547    370.00  0.00000  
  371.00  0.01187    371.00  0.00000  
  372.00  0.00967    372.00  0.00000  
  373.00 -0.00803    373.00  0.00000  
  374.00 -0.00688    374.00  0.00000  
  375.00  0.00000    375.00  0.00000  
  376.00  0.00000    376.00  0.00000  
  377.00 -0.01419    377.00  0.00000  
  378.00  0.00000    378.00  0.00000  
  379.00  0.01201    379.00  0.00000  
  380.00  0.00873    380.00  0.00000  
  381.00 -0.00317    381.00  0.00000  
  382.00 -0.01493    382.00  0.00000  
  383.00 -0.00497    383.00  0.00000  
  384.00 -0.00908    384.00  0.00000  
  385.00 -0.01524    385.00  0.00000  
  386.00 -0.00356    386.00  0.00000  
  387.00  0.00552    387.00  0.00000  
  388.00  0.00721    388.00  0.00000  
  389.00  0.00000    389.00  0.00000  
  390.00 -0.00859    390.00  0.00000  
  391.00 -0.00423    391.00  0.00000  
  392.00 -0.01224    392.00  0.00000  
  393.00 -0.01016    393.00  0.00000  
  394.00  0.00688    394.00  0.00000  
  395.00  0.01266    395.00  0.00000  
  396.00  0.00000    396.00  0.00000  
  397.00  0.00000    397.00  0.00000  
  398.00 -0.00953    398.00  0.00000  
  399.00  0.00000    399.00  0.00000  
  400.00 -0.00972    400.00  0.00000  
  401.00 -0.01124    401.00  0.00000  
  402.00  0.00000    402.00  0.00000  
  403.00  0.01368    403.00  0.00000  
  404.00  0.01675    404.00  0.00000  
  405.00  0.00000    405.00  0.00000  
  406.00 -0.00995    406.00  0.00000  
  407.00 -0.00757    407.00  0.00000  
  408.00 -0.01032    408.00  0.00000  
  409.00 -0.00724    409.00  0.00000  
  410.00  0.00000    410.00  0.00000  
  411.00  0.00964    411.00  0.00000  
  412.00  0.01626    412.00  0.00000  
  413.00  0.00792    413.00  0.00000  
  414.00  0.00000    414.00  0.00000  
  415.00  0.00000    415.00  0.00000  
  416.00 -0.00802    416.00  0.00000  
  417.00 -0.00468    417.00  0.00000  
  418.00  0.00919    418.00  0.00000  
  419.00  0.01916    419.00  0.00000  
  420.00  0.00888    420.00  0.00000  
  421.00 -0.00375    421.00  0.00000  
  422.00 -0.00423    422.00  0.00000  
  423.00  0.00000    423.00  0.00000  
  424.00 -0.00628    424.00  0.00000  
  425.00 -0.00692    425.00  0.00000  
  426.00  0.00000    426.00  0.00000  
  427.00  0.01304    427.00  0.00000  
  428.00  0.01045    428.00  0.00000  
  429.00  0.00351    429.00  0.00000  
  430.00  0.00000    430.00  0.00000  
  431.00  0.00000    431.00  0.00000  
  432.00 -0.00490    432.00  0.00000  
  433.00 -0.00792    433.00  0.00000  
  434.00  0.00426    434.00  0.00000  
  435.00  0.01247    435.00  0.00000  
  436.00  0.00549    436.00  0.00000  
  437.00  0.00000    437.00  0.00000  
  438.00 -0.00502    438.00  0.00000  
  439.00 -0.00419    439.00  0.00000  
  440.00  0.00000    440.00  0.00000  
  441.00  0.00000    441.00  0.00000  
  442.00  0.00723    442.00  0.00000  
  443.00  0.01566    443.00  0.00000  
  444.00  0.01353    444.00  0.00000  
  445.00  0.00000    445.00  0.00000  
  446.00 -0.01127    446.00  0.00000  
  447.00 -0.00567    447.00  0.00000  
  448.00  0.00000    448.00  0.00000  
  449.00 -0.01329    449.00  0.00000  
  450.00 -0.00728    450.00  0.00000  
  451.00  0.00667    451.00  0.00000  
  452.00  0.00870    452.00  0.00000  
  453.00 -0.00512    453.00  0.00000  
  454.00 -0.01337    454.00  0.00000  
  455.00 -0.00703    455.00  0.00000  
  456.00 -0.01400    456.00  0.00000  
  457.00 -0.01242    457.00  0.00000  
  458.00  0.00000    458.00  0.00000  
  459.00  0.00000    459.00  0.00000  
  460.00 -0.00761    460.00  0.00000  
  461.00 -0.00788    461.00  0.00000  
  462.00 -0.00343    462.00  0.00000  
  463.00 -0.00692    463.00  0.00000  
  464.00 -0.01152    464.00  0.00000  
  465.00 -0.01267    465.00  0.00000  
  466.00 -0.00324    466.00  0.00000  
  467.00  0.00466    467.00  0.00000  
  468.00  0.00000    468.00  0.00000  
  469.00  0.01632    469.00  0.00000  
  470.00  0.00683    470.00  0.00000  
  471.00  0.00000    471.00  0.00000  
  472.00 -0.00893    472.00  0.00000  
  473.00 -0.01138    473.00  0.00000  
  474.00  0.00000    474.00  0.00000  
  475.00  0.00635    475.00  0.00000  
  476.00  0.00626    476.00  0.00000  
  477.00  0.00000    477.00  0.00000  
  478.00 -0.02638    478.00  0.00000  
  479.00 -0.02232    479.00  0.00000  
  480.00  0.00464    480.00  0.00000  
  481.00  0.00631    481.00  0.00000  
  482.00  0.00000    482.00  0.00000  
  483.00  0.00884    483.00  0.00000  
  484.00  0.01281    484.00  0.00000  
  485.00  0.00508    485.00  0.00000  
  486.00 -0.00865    486.00  0.00000  
  487.00 -0.00785    487.00  0.00000  
  488.00 -0.01215    488.00  0.00000  
  489.00 -0.00349    489.00  0.00000  
