Date : 2022/09/13 (TUE)
Time : 11:40:44
   Film : Pattern         Review Cam  
     X        Y         X        Y    
    0.00  0.16442      0.00  0.00000  
    1.00  0.18487      1.00  0.00000  
    2.00 -0.02087      2.00  0.00000  
    3.00  0.00323      3.00  0.00000  
    4.00  0.00947      4.00  0.00000  
    5.00  0.01054      5.00  0.00000  
    6.00  0.00489      6.00  0.00000  
    7.00  0.00000      7.00  0.00000  
    8.00 -0.00872      8.00  0.00000  
    9.00 -0.00925      9.00  0.00000  
   10.00  0.00000     10.00  0.00000  
   11.00 -0.01872     11.00  0.00000  
   12.00 -0.00507     12.00  0.00000  
   13.00 -0.00817     13.00  0.00000  
   14.00 -0.01091     14.00  0.00000  
   15.00 -0.01366     15.00  0.00000  
   16.00 -0.01286     16.00  0.00000  
   17.00 -0.01617     17.00  0.00000  
   18.00 -0.01557     18.00  0.00000  
   19.00 -0.01456     19.00  0.00000  
   20.00 -0.00678     20.00  0.00000  
   21.00 -0.01685     21.00  0.00000  
   22.00 -0.01630     22.00  0.00000  
   23.00 -0.01299     23.00  0.00000  
   24.00 -0.01538     24.00  0.00000  
   25.00 -0.01872     25.00  0.00000  
   26.00 -0.01083     26.00  0.00000  
   27.00 -0.01298     27.00  0.00000  
   28.00  0.00000     28.00  0.00000  
   29.00 -0.01133     29.00  0.00000  
   30.00 -0.00538     30.00  0.00000  
   31.00  0.00000     31.00  0.00000  
   32.00 -0.00493     32.00  0.00000  
   33.00 -0.00651     33.00  0.00000  
   34.00 -0.00316     34.00  0.00000  
   35.00 -0.00823     35.00  0.00000  
   36.00  0.00000     36.00  0.00000  
   37.00  0.00000     37.00  0.00000  
   38.00 -0.00576     38.00  0.00000  
   39.00 -0.00664     39.00  0.00000  
   40.00 -0.00559     40.00  0.00000  
   41.00  0.00000     41.00  0.00000  
   42.00  0.00000     42.00  0.00000  
   43.00  0.00000     43.00  0.00000  
   44.00  0.00000     44.00  0.00000  
   45.00 -0.00895     45.00  0.00000  
   46.00 -0.01788     46.00  0.00000  
   47.00 -0.00431     47.00  0.00000  
   48.00  0.00000     48.00  0.00000  
   49.00  0.00000     49.00  0.00000  
   50.00  0.00337     50.00  0.00000  
   51.00  0.00000     51.00  0.00000  
   52.00  0.00000     52.00  0.00000  
   53.00 -0.00801     53.00  0.00000  
   54.00 -0.01489     54.00  0.00000  
   55.00 -0.00827     55.00  0.00000  
   56.00  0.00000     56.00  0.00000  
   57.00  0.00387     57.00  0.00000  
   58.00  0.00434     58.00  0.00000  
   59.00 -0.00373     59.00  0.00000  
   60.00  0.00000     60.00  0.00000  
   61.00  0.00000     61.00  0.00000  
   62.00 -0.00352     62.00  0.00000  
   63.00 -0.00863     63.00  0.00000  
   64.00 -0.00672     64.00  0.00000  
   65.00  0.00306     65.00  0.00000  
   66.00  0.00607     66.00  0.00000  
   67.00  0.00000     67.00  0.00000  
   68.00  0.00000     68.00  0.00000  
   69.00 -0.00701     69.00  0.00000  
   70.00 -0.01046     70.00  0.00000  
   71.00 -0.00910     71.00  0.00000  
   72.00 -0.00442     72.00  0.00000  
   73.00  0.00411     73.00  0.00000  
   74.00  0.00655     74.00  0.00000  
   75.00 -0.00333     75.00  0.00000  
   76.00  0.00000     76.00  0.00000  
   77.00 -0.00387     77.00  0.00000  
   78.00 -0.00923     78.00  0.00000  
   79.00 -0.01178     79.00  0.00000  
   80.00  0.00000     80.00  0.00000  
   81.00  0.00879     81.00  0.00000  
   82.00  0.00550     82.00  0.00000  
   83.00 -0.01073     83.00  0.00000  
   84.00 -0.01184     84.00  0.00000  
   85.00 -0.01332     85.00  0.00000  
   86.00  0.00000     86.00  0.00000  
   87.00  0.00000     87.00  0.00000  
   88.00  0.01005     88.00  0.00000  
   89.00  0.00722     89.00  0.00000  
   90.00  0.00445     90.00  0.00000  
   91.00  0.00504     91.00  0.00000  
   92.00  0.00692     92.00  0.00000  
   93.00  0.00466     93.00  0.00000  
   94.00  0.00751     94.00  0.00000  
   95.00  0.00627     95.00  0.00000  
   96.00  0.01240     96.00  0.00000  
   97.00  0.00906     97.00  0.00000  
   98.00  0.00000     98.00  0.00000  
   99.00  0.00000     99.00  0.00000  
  100.00  0.00000    100.00  0.00000  
  101.00  0.00000    101.00  0.00000  
  102.00 -0.01038    102.00  0.00000  
  103.00 -0.00469    103.00  0.00000  
  104.00  0.00000    104.00  0.00000  
  105.00  0.01296    105.00  0.00000  
  106.00  0.01223    106.00  0.00000  
  107.00  0.00542    107.00  0.00000  
  108.00 -0.00323    108.00  0.00000  
  109.00 -0.01060    109.00  0.00000  
  110.00 -0.02039    110.00  0.00000  
  111.00 -0.01291    111.00  0.00000  
  112.00  0.00796    112.00  0.00000  
  113.00  0.01879    113.00  0.00000  
  114.00  0.01097    114.00  0.00000  
  115.00  0.00877    115.00  0.00000  
  116.00 -0.00506    116.00  0.00000  
  117.00 -0.00379    117.00  0.00000  
  118.00 -0.00616    118.00  0.00000  
  119.00 -0.00732    119.00  0.00000  
  120.00  0.00000    120.00  0.00000  
  121.00  0.01162    121.00  0.00000  
  122.00  0.00000    122.00  0.00000  
  123.00  0.00000    123.00  0.00000  
  124.00  0.02754    124.00  0.00000  
  125.00  0.01180    125.00  0.00000  
  126.00 -0.00613    126.00  0.00000  
  127.00 -0.01121    127.00  0.00000  
  128.00 -0.00420    128.00  0.00000  
  129.00 -0.00492    129.00  0.00000  
  130.00 -0.00551    130.00  0.00000  
  131.00  0.00000    131.00  0.00000  
  132.00  0.00000    132.00  0.00000  
  133.00 -0.00924    133.00  0.00000  
  134.00  0.00000    134.00  0.00000  
  135.00 -0.00399    135.00  0.00000  
  136.00  0.00549    136.00  0.00000  
  137.00  0.00000    137.00  0.00000  
  138.00  0.00000    138.00  0.00000  
  139.00  0.00000    139.00  0.00000  
  140.00  0.01413    140.00  0.00000  
  141.00  0.00409    141.00  0.00000  
  142.00  0.00000    142.00  0.00000  
  143.00 -0.00913    143.00  0.00000  
  144.00  0.00000    144.00  0.00000  
  145.00 -0.00854    145.00  0.00000  
  146.00 -0.01087    146.00  0.00000  
  147.00 -0.00385    147.00  0.00000  
  148.00  0.01391    148.00  0.00000  
  149.00  0.01471    149.00  0.00000  
  150.00  0.00000    150.00  0.00000  
  151.00 -0.01171    151.00  0.00000  
  152.00  0.00000    152.00  0.00000  
  153.00  0.01319    153.00  0.00000  
  154.00  0.00000    154.00  0.00000  
  155.00  0.00000    155.00  0.00000  
  156.00  0.00000    156.00  0.00000  
  157.00 -0.00533    157.00  0.00000  
  158.00 -0.00585    158.00  0.00000  
  159.00 -0.00470    159.00  0.00000  
  160.00  0.00000    160.00  0.00000  
  161.00  0.00529    161.00  0.00000  
  162.00  0.00556    162.00  0.00000  
  163.00  0.00000    163.00  0.00000  
  164.00  0.00000    164.00  0.00000  
  165.00 -0.00422    165.00  0.00000  
  166.00 -0.01783    166.00  0.00000  
  167.00 -0.01108    167.00  0.00000  
  168.00 -0.00400    168.00  0.00000  
  169.00 -0.00387    169.00  0.00000  
  170.00 -0.00514    170.00  0.00000  
  171.00 -0.00613    171.00  0.00000  
  172.00  0.00000    172.00  0.00000  
  173.00 -0.00629    173.00  0.00000  
  174.00 -0.02141    174.00  0.00000  
  175.00 -0.00898    175.00  0.00000  
  176.00  0.00000    176.00  0.00000  
  177.00  0.00405    177.00  0.00000  
  178.00  0.00000    178.00  0.00000  
  179.00 -0.00824    179.00  0.00000  
  180.00  0.00000    180.00  0.00000  
  181.00  0.00000    181.00  0.00000  
  182.00 -0.00525    182.00  0.00000  
  183.00 -0.01051    183.00  0.00000  
  184.00  0.00000    184.00  0.00000  
  185.00  0.00401    185.00  0.00000  
  186.00  0.00000    186.00  0.00000  
  187.00 -0.00615    187.00  0.00000  
  188.00  0.00000    188.00  0.00000  
  189.00 -0.00453    189.00  0.00000  
  190.00 -0.00814    190.00  0.00000  
  191.00 -0.01212    191.00  0.00000  
  192.00  0.00000    192.00  0.00000  
  193.00 -0.00530    193.00  0.00000  
  194.00 -0.00547    194.00  0.00000  
  195.00 -0.00724    195.00  0.00000  
  196.00 -0.00336    196.00  0.00000  
  197.00  0.00000    197.00  0.00000  
  198.00  0.00000    198.00  0.00000  
  199.00  0.00000    199.00  0.00000  
  200.00  0.00921    200.00  0.00000  
  201.00  0.00652    201.00  0.00000  
  202.00  0.00000    202.00  0.00000  
  203.00  0.00997    203.00  0.00000  
  204.00  0.01592    204.00  0.00000  
  205.00  0.00569    205.00  0.00000  
  206.00  0.00929    206.00  0.00000  
  207.00  0.00879    207.00  0.00000  
  208.00  0.01458    208.00  0.00000  
  209.00  0.01568    209.00  0.00000  
  210.00  0.01697    210.00  0.00000  
  211.00  0.01149    211.00  0.00000  
  212.00  0.01122    212.00  0.00000  
  213.00  0.00991    213.00  0.00000  
  214.00  0.01370    214.00  0.00000  
  215.00  0.00000    215.00  0.00000  
  216.00  0.00906    216.00  0.00000  
  217.00  0.02529    217.00  0.00000  
  218.00  0.00849    218.00  0.00000  
  219.00  0.00332    219.00  0.00000  
  220.00  0.00000    220.00  0.00000  
  221.00  0.00444    221.00  0.00000  
  222.00  0.00000    222.00  0.00000  
  223.00 -0.01594    223.00  0.00000  
  224.00 -0.00434    224.00  0.00000  
  225.00  0.00364    225.00  0.00000  
  226.00  0.00000    226.00  0.00000  
  227.00  0.01378    227.00  0.00000  
  228.00  0.01076    228.00  0.00000  
  229.00  0.00000    229.00  0.00000  
  230.00 -0.00492    230.00  0.00000  
  231.00  0.00555    231.00  0.00000  
  232.00  0.01037    232.00  0.00000  
  233.00  0.00881    233.00  0.00000  
  234.00  0.00000    234.00  0.00000  
  235.00  0.00000    235.00  0.00000  
  236.00  0.01057    236.00  0.00000  
  237.00  0.00918    237.00  0.00000  
  238.00 -0.00310    238.00  0.00000  
  239.00 -0.00429    239.00  0.00000  
  240.00  0.01196    240.00  0.00000  
  241.00  0.01651    241.00  0.00000  
  242.00  0.01154    242.00  0.00000  
  243.00  0.01001    243.00  0.00000  
  244.00  0.00341    244.00  0.00000  
  245.00  0.00000    245.00  0.00000  
  246.00  0.00000    246.00  0.00000  
  247.00  0.00000    247.00  0.00000  
  248.00  0.00783    248.00  0.00000  
  249.00  0.00816    249.00  0.00000  
  250.00  0.00000    250.00  0.00000  
  251.00 -0.00835    251.00  0.00000  
  252.00 -0.01127    252.00  0.00000  
  253.00  0.00000    253.00  0.00000  
  254.00  0.00454    254.00  0.00000  
  255.00  0.00000    255.00  0.00000  
  256.00  0.00880    256.00  0.00000  
  257.00  0.00670    257.00  0.00000  
  258.00  0.00536    258.00  0.00000  
  259.00  0.01180    259.00  0.00000  
  260.00  0.00980    260.00  0.00000  
  261.00  0.00000    261.00  0.00000  
  262.00 -0.00848    262.00  0.00000  
  263.00 -0.00916    263.00  0.00000  
  264.00  0.00553    264.00  0.00000  
  265.00  0.00786    265.00  0.00000  
  266.00  0.00427    266.00  0.00000  
  267.00  0.00871    267.00  0.00000  
  268.00  0.01078    268.00  0.00000  
  269.00  0.00000    269.00  0.00000  
  270.00 -0.01030    270.00  0.00000  
  271.00 -0.00900    271.00  0.00000  
  272.00  0.00829    272.00  0.00000  
  273.00  0.01563    273.00  0.00000  
  274.00  0.00765    274.00  0.00000  
  275.00  0.00502    275.00  0.00000  
  276.00  0.00515    276.00  0.00000  
  277.00 -0.00396    277.00  0.00000  
  278.00 -0.01165    278.00  0.00000  
  279.00 -0.01487    279.00  0.00000  
  280.00  0.00692    280.00  0.00000  
  281.00  0.00829    281.00  0.00000  
  282.00  0.00000    282.00  0.00000  
  283.00  0.00000    283.00  0.00000  
  284.00 -0.00366    284.00  0.00000  
  285.00  0.00000    285.00  0.00000  
  286.00 -0.00478    286.00  0.00000  
  287.00 -0.01128    287.00  0.00000  
  288.00  0.00000    288.00  0.00000  
  289.00  0.00352    289.00  0.00000  
  290.00  0.00000    290.00  0.00000  
  291.00 -0.00874    291.00  0.00000  
  292.00 -0.00816    292.00  0.00000  
  293.00 -0.00685    293.00  0.00000  
  294.00 -0.00609    294.00  0.00000  
  295.00 -0.00475    295.00  0.00000  
  296.00  0.00492    296.00  0.00000  
  297.00  0.00631    297.00  0.00000  
  298.00  0.00441    298.00  0.00000  
  299.00 -0.00425    299.00  0.00000  
  300.00  0.00000    300.00  0.00000  
  301.00  0.00000    301.00  0.00000  
  302.00 -0.00780    302.00  0.00000  
  303.00 -0.01278    303.00  0.00000  
  304.00  0.00000    304.00  0.00000  
  305.00  0.00342    305.00  0.00000  
  306.00  0.00000    306.00  0.00000  
  307.00 -0.00355    307.00  0.00000  
  308.00 -0.01030    308.00  0.00000  
  309.00 -0.00717    309.00  0.00000  
  310.00 -0.00882    310.00  0.00000  
  311.00 -0.01110    311.00  0.00000  
  312.00  0.00776    312.00  0.00000  
  313.00  0.01057    313.00  0.00000  
  314.00  0.00418    314.00  0.00000  
  315.00 -0.00317    315.00  0.00000  
  316.00 -0.00654    316.00  0.00000  
  317.00 -0.00618    317.00  0.00000  
  318.00 -0.00773    318.00  0.00000  
  319.00 -0.01029    319.00  0.00000  
  320.00  0.00358    320.00  0.00000  
  321.00  0.00533    321.00  0.00000  
  322.00  0.00000    322.00  0.00000  
  323.00 -0.00345    323.00  0.00000  
  324.00  0.00000    324.00  0.00000  
  325.00  0.00000    325.00  0.00000  
  326.00  0.00000    326.00  0.00000  
  327.00  0.00000    327.00  0.00000  
  328.00  0.00343    328.00  0.00000  
  329.00  0.00000    329.00  0.00000  
  330.00 -0.00538    330.00  0.00000  
  331.00 -0.00619    331.00  0.00000  
  332.00  0.00322    332.00  0.00000  
  333.00  0.00990    333.00  0.00000  
  334.00  0.00542    334.00  0.00000  
  335.00 -0.01120    335.00  0.00000  
  336.00 -0.00530    336.00  0.00000  
  337.00 -0.00343    337.00  0.00000  
  338.00  0.00711    338.00  0.00000  
  339.00  0.01636    339.00  0.00000  
  340.00  0.00674    340.00  0.00000  
  341.00 -0.00360    341.00  0.00000  
  342.00 -0.01101    342.00  0.00000  
  343.00 -0.00869    343.00  0.00000  
  344.00  0.01053    344.00  0.00000  
  345.00  0.00805    345.00  0.00000  
  346.00  0.00353    346.00  0.00000  
  347.00  0.00306    347.00  0.00000  
  348.00  0.00472    348.00  0.00000  
  349.00 -0.00599    349.00  0.00000  
  350.00 -0.01523    350.00  0.00000  
  351.00 -0.00706    351.00  0.00000  
  352.00  0.00893    352.00  0.00000  
  353.00  0.00957    353.00  0.00000  
  354.00  0.01037    354.00  0.00000  
  355.00  0.00515    355.00  0.00000  
  356.00  0.00601    356.00  0.00000  
  357.00  0.00758    357.00  0.00000  
  358.00  0.00000    358.00  0.00000  
  359.00 -0.01351    359.00  0.00000  
  360.00 -0.01273    360.00  0.00000  
  361.00  0.00000    361.00  0.00000  
  362.00 -0.01293    362.00  0.00000  
  363.00 -0.01267    363.00  0.00000  
  364.00  0.00000    364.00  0.00000  
  365.00  0.00391    365.00  0.00000  
  366.00  0.00760    366.00  0.00000  
  367.00  0.00339    367.00  0.00000  
  368.00  0.00919    368.00  0.00000  
  369.00  0.00721    369.00  0.00000  
  370.00  0.00000    370.00  0.00000  
  371.00 -0.00375    371.00  0.00000  
  372.00  0.00000    372.00  0.00000  
  373.00 -0.00541    373.00  0.00000  
  374.00 -0.00728    374.00  0.00000  
  375.00  0.00000    375.00  0.00000  
  376.00  0.00000    376.00  0.00000  
  377.00  0.00000    377.00  0.00000  
  378.00 -0.00843    378.00  0.00000  
  379.00 -0.00719    379.00  0.00000  
  380.00  0.00000    380.00  0.00000  
  381.00  0.00427    381.00  0.00000  
  382.00 -0.00304    382.00  0.00000  
  383.00 -0.00801    383.00  0.00000  
  384.00 -0.00407    384.00  0.00000  
  385.00  0.00680    385.00  0.00000  
  386.00  0.00491    386.00  0.00000  
  387.00 -0.00326    387.00  0.00000  
  388.00  0.00381    388.00  0.00000  
  389.00  0.00000    389.00  0.00000  
  390.00 -0.01739    390.00  0.00000  
  391.00 -0.02816    391.00  0.00000  
  392.00  0.00000    392.00  0.00000  
  393.00  0.00399    393.00  0.00000  
  394.00  0.00741    394.00  0.00000  
  395.00  0.00000    395.00  0.00000  
  396.00 -0.00457    396.00  0.00000  
  397.00 -0.01012    397.00  0.00000  
  398.00 -0.01613    398.00  0.00000  
  399.00 -0.00973    399.00  0.00000  
  400.00  0.01109    400.00  0.00000  
  401.00  0.01265    401.00  0.00000  
  402.00 -0.00462    402.00  0.00000  
  403.00 -0.00967    403.00  0.00000  
  404.00 -0.00738    404.00  0.00000  
  405.00 -0.00582    405.00  0.00000  
  406.00 -0.00301    406.00  0.00000  
  407.00  0.00000    407.00  0.00000  
  408.00  0.00911    408.00  0.00000  
  409.00  0.00794    409.00  0.00000  
  410.00  0.00000    410.00  0.00000  
  411.00  0.00000    411.00  0.00000  
  412.00 -0.00470    412.00  0.00000  
  413.00 -0.00418    413.00  0.00000  
  414.00 -0.00530    414.00  0.00000  
  415.00 -0.00339    415.00  0.00000  
  416.00  0.00729    416.00  0.00000  
  417.00  0.01723    417.00  0.00000  
  418.00  0.01378    418.00  0.00000  
  419.00  0.01244    419.00  0.00000  
  420.00  0.00000    420.00  0.00000  
  421.00  0.00000    421.00  0.00000  
  422.00  0.00000    422.00  0.00000  
  423.00 -0.00433    423.00  0.00000  
  424.00  0.00870    424.00  0.00000  
  425.00  0.01335    425.00  0.00000  
  426.00  0.00876    426.00  0.00000  
  427.00 -0.00335    427.00  0.00000  
  428.00 -0.00775    428.00  0.00000  
  429.00  0.00000    429.00  0.00000  
  430.00  0.00000    430.00  0.00000  
  431.00 -0.00348    431.00  0.00000  
  432.00  0.00000    432.00  0.00000  
  433.00  0.00907    433.00  0.00000  
  434.00  0.00733    434.00  0.00000  
  435.00  0.00000    435.00  0.00000  
  436.00  0.00000    436.00  0.00000  
  437.00  0.00360    437.00  0.00000  
  438.00  0.00000    438.00  0.00000  
  439.00  0.00718    439.00  0.00000  
  440.00  0.00802    440.00  0.00000  
  441.00  0.00000    441.00  0.00000  
  442.00 -0.00303    442.00  0.00000  
  443.00  0.00000    443.00  0.00000  
  444.00  0.01443    444.00  0.00000  
  445.00  0.01766    445.00  0.00000  
  446.00  0.00835    446.00  0.00000  
  447.00  0.01096    447.00  0.00000  
  448.00  0.01486    448.00  0.00000  
  449.00  0.00000    449.00  0.00000  
  450.00 -0.01647    450.00  0.00000  
  451.00 -0.00840    451.00  0.00000  
  452.00  0.01878    452.00  0.00000  
  453.00  0.01247    453.00  0.00000  
  454.00 -0.01106    454.00  0.00000  
  455.00 -0.02553    455.00  0.00000  
  456.00 -0.01795    456.00  0.00000  
  457.00 -0.01131    457.00  0.00000  
  458.00  0.00574    458.00  0.00000  
  459.00  0.00954    459.00  0.00000  
  460.00  0.00430    460.00  0.00000  
  461.00 -0.00832    461.00  0.00000  
  462.00 -0.01911    462.00  0.00000  
  463.00 -0.01960    463.00  0.00000  
  464.00 -0.00817    464.00  0.00000  
  465.00 -0.00455    465.00  0.00000  
  466.00 -0.00543    466.00  0.00000  
  467.00  0.00000    467.00  0.00000  
  468.00  0.00000    468.00  0.00000  
  469.00 -0.00877    469.00  0.00000  
  470.00 -0.01910    470.00  0.00000  
  471.00 -0.01918    471.00  0.00000  
  472.00 -0.00341    472.00  0.00000  
  473.00 -0.00446    473.00  0.00000  
  474.00 -0.00819    474.00  0.00000  
  475.00 -0.00630    475.00  0.00000  
  476.00 -0.00394    476.00  0.00000  
  477.00 -0.00436    477.00  0.00000  
  478.00 -0.01176    478.00  0.00000  
  479.00 -0.01594    479.00  0.00000  
  480.00  0.00000    480.00  0.00000  
  481.00  0.00000    481.00  0.00000  
  482.00 -0.00714    482.00  0.00000  
  483.00 -0.00802    483.00  0.00000  
  484.00 -0.00385    484.00  0.00000  
  485.00 -0.00613    485.00  0.00000  
  486.00 -0.00360    486.00  0.00000  
  487.00  0.00000    487.00  0.00000  
  488.00  0.00792    488.00  0.00000  
  489.00  0.01270    489.00  0.00000  
  490.00  0.00538    490.00  0.00000  
  491.00  0.00000    491.00  0.00000  
  492.00 -0.00546    492.00  0.00000  
  493.00 -0.00905    493.00  0.00000  
  494.00 -0.00617    494.00  0.00000  
  495.00  0.00000    495.00  0.00000  
  496.00  0.01255    496.00  0.00000  
  497.00  0.00522    497.00  0.00000  
  498.00  0.00000    498.00  0.00000  
  499.00  0.00000    499.00  0.00000  
  500.00  0.00000    500.00  0.00000  
  501.00  0.00000    501.00  0.00000  
  502.00  0.01056    502.00  0.00000  
  503.00  0.00728    503.00  0.00000  
  504.00  0.01532    504.00  0.00000  
  505.00  0.01274    505.00  0.00000  
  506.00  0.01284    506.00  0.00000  
  507.00  0.01373    507.00  0.00000  
  508.00  0.00991    508.00  0.00000  
  509.00  0.00338    509.00  0.00000  
  510.00 -0.02583    510.00  0.00000  
  511.00  0.00000    511.00  0.00000  
