Date : 2022/09/13 (TUE)
Time : 11:40:48
   Film : Pattern         Review Cam  
     X        Y         X        Y    
    0.00 -0.09298      0.00  0.00000  
    1.00 -0.14846      1.00  0.00000  
    2.00 -0.73069      2.00  0.00000  
    3.00 -0.22705      3.00  0.00000  
    4.00 -0.22405      4.00  0.00000  
    5.00 -0.24521      5.00  0.00000  
    6.00 -0.27216      6.00  0.00000  
    7.00 -0.29179      7.00  0.00000  
    8.00 -0.30758      8.00  0.00000  
    9.00 -0.28034      9.00  0.00000  
   10.00 -0.27166     10.00  0.00000  
   11.00 -0.27176     11.00  0.00000  
   12.00 -0.29990     12.00  0.00000  
   13.00 -0.31007     13.00  0.00000  
   14.00 -0.31049     14.00  0.00000  
   15.00 -0.31539     15.00  0.00000  
   16.00 -0.32356     16.00  0.00000  
   17.00 -0.29053     17.00  0.00000  
   18.00 -0.29459     18.00  0.00000  
   19.00 -0.29133     19.00  0.00000  
   20.00 -0.31768     20.00  0.00000  
   21.00 -0.32554     21.00  0.00000  
   22.00 -0.31957     22.00  0.00000  
   23.00 -0.33159     23.00  0.00000  
   24.00 -0.33883     24.00  0.00000  
   25.00 -0.30823     25.00  0.00000  
   26.00 -0.31000     26.00  0.00000  
   27.00 -0.29913     27.00  0.00000  
   28.00 -0.30879     28.00  0.00000  
   29.00 -0.31770     29.00  0.00000  
   30.00 -0.32419     30.00  0.00000  
   31.00 -0.32775     31.00  0.00000  
   32.00 -0.32329     32.00  0.00000  
   33.00 -0.31336     33.00  0.00000  
   34.00 -0.30538     34.00  0.00000  
   35.00 -0.29341     35.00  0.00000  
   36.00 -0.31845     36.00  0.00000  
   37.00 -0.32244     37.00  0.00000  
   38.00 -0.34018     38.00  0.00000  
   39.00 -0.33590     39.00  0.00000  
   40.00 -0.32899     40.00  0.00000  
   41.00 -0.44069     41.00  0.00000  
   42.00 -0.13992     42.00  0.00000  
   43.00  0.03755     43.00  0.00000  
   44.00 -0.00876     44.00  0.00000  
   45.00 -0.06323     45.00  0.00000  
   46.00 -0.10615     46.00  0.00000  
   47.00 -0.13856     47.00  0.00000  
   48.00 -0.19882     48.00  0.00000  
   49.00 -0.23961     49.00  0.00000  
   50.00 -0.26219     50.00  0.00000  
   51.00 -0.27717     51.00  0.00000  
   52.00 -0.29881     52.00  0.00000  
   53.00 -0.28685     53.00  0.00000  
   54.00 -0.28099     54.00  0.00000  
   55.00 -0.27828     55.00  0.00000  
   56.00 -0.29775     56.00  0.00000  
   57.00 -0.30960     57.00  0.00000  
   58.00 -0.32306     58.00  0.00000  
   59.00 -0.32784     59.00  0.00000  
   60.00 -0.33141     60.00  0.00000  
   61.00 -0.31022     61.00  0.00000  
   62.00 -0.30225     62.00  0.00000  
   63.00 -0.29289     63.00  0.00000  
   64.00 -0.31509     64.00  0.00000  
   65.00 -0.31928     65.00  0.00000  
   66.00 -0.33162     66.00  0.00000  
   67.00 -0.32771     67.00  0.00000  
   68.00 -0.33612     68.00  0.00000  
   69.00 -0.31612     69.00  0.00000  
   70.00 -0.30155     70.00  0.00000  
   71.00 -0.29219     71.00  0.00000  
   72.00 -0.31023     72.00  0.00000  
   73.00 -0.31497     73.00  0.00000  
   74.00 -0.32638     74.00  0.00000  
   75.00 -0.33632     75.00  0.00000  
   76.00 -0.33456     76.00  0.00000  
   77.00 -0.31006     77.00  0.00000  
   78.00 -0.29529     78.00  0.00000  
   79.00 -0.28487     79.00  0.00000  
   80.00 -0.30365     80.00  0.00000  
   81.00 -0.32067     81.00  0.00000  
   82.00 -0.32553     82.00  0.00000  
   83.00 -0.33943     83.00  0.00000  
   84.00 -0.32920     84.00  0.00000  
   85.00 -0.30594     85.00  0.00000  
   86.00 -0.29592     86.00  0.00000  
   87.00 -0.28806     87.00  0.00000  
   88.00 -0.30567     88.00  0.00000  
   89.00 -0.31399     89.00  0.00000  
   90.00 -0.32661     90.00  0.00000  
   91.00 -0.33218     91.00  0.00000  
   92.00 -0.33231     92.00  0.00000  
   93.00 -0.30820     93.00  0.00000  
   94.00 -0.29403     94.00  0.00000  
   95.00 -0.28665     95.00  0.00000  
   96.00 -0.31425     96.00  0.00000  
   97.00 -0.31488     97.00  0.00000  
   98.00 -0.33223     98.00  0.00000  
   99.00 -0.33939     99.00  0.00000  
  100.00 -0.34801    100.00  0.00000  
  101.00 -0.32945    101.00  0.00000  
  102.00 -0.29148    102.00  0.00000  
  103.00 -0.29066    103.00  0.00000  
  104.00 -0.30805    104.00  0.00000  
  105.00 -0.31665    105.00  0.00000  
  106.00 -0.33674    106.00  0.00000  
  107.00 -0.34733    107.00  0.00000  
  108.00 -0.34708    108.00  0.00000  
  109.00 -0.32045    109.00  0.00000  
  110.00 -0.29439    110.00  0.00000  
  111.00 -0.29613    111.00  0.00000  
  112.00 -0.31791    112.00  0.00000  
  113.00 -0.32826    113.00  0.00000  
  114.00 -0.34566    114.00  0.00000  
  115.00 -0.35951    115.00  0.00000  
  116.00 -0.35592    116.00  0.00000  
  117.00 -0.33547    117.00  0.00000  
  118.00 -0.31523    118.00  0.00000  
  119.00 -0.30520    119.00  0.00000  
  120.00 -0.31706    120.00  0.00000  
  121.00 -0.33142    121.00  0.00000  
  122.00 -0.34636    122.00  0.00000  
  123.00 -0.35175    123.00  0.00000  
  124.00 -1.02199    124.00  0.00000  
  125.00 -0.79586    125.00  0.00000  
  126.00 -0.36955    126.00  0.00000  
  127.00 -0.22735    127.00  0.00000  
  128.00 -0.23764    128.00  0.00000  
  129.00 -0.25782    129.00  0.00000  
  130.00 -0.26944    130.00  0.00000  
  131.00 -0.30250    131.00  0.00000  
  132.00 -0.29296    132.00  0.00000  
  133.00 -0.28358    133.00  0.00000  
  134.00 -0.26776    134.00  0.00000  
  135.00 -0.26032    135.00  0.00000  
  136.00 -0.27868    136.00  0.00000  
  137.00 -0.29533    137.00  0.00000  
  138.00 -0.29957    138.00  0.00000  
  139.00 -0.30341    139.00  0.00000  
  140.00 -0.23993    140.00  0.00000  
  141.00 -0.17268    141.00  0.00000  
  142.00 -0.13163    142.00  0.00000  
  143.00 -0.12300    143.00  0.00000  
  144.00 -0.14550    144.00  0.00000  
  145.00 -0.15986    145.00  0.00000  
  146.00 -0.21336    146.00  0.00000  
  147.00 -0.23279    147.00  0.00000  
  148.00 -0.25806    148.00  0.00000  
  149.00 -0.23324    149.00  0.00000  
  150.00 -0.25779    150.00  0.00000  
  151.00 -0.25433    151.00  0.00000  
  152.00 -0.27005    152.00  0.00000  
  153.00 -0.28800    153.00  0.00000  
  154.00 -0.29691    154.00  0.00000  
  155.00 -0.29098    155.00  0.00000  
  156.00 -0.29694    156.00  0.00000  
  157.00 -0.28481    157.00  0.00000  
  158.00 -0.27592    158.00  0.00000  
  159.00 -0.26907    159.00  0.00000  
  160.00 -0.28891    160.00  0.00000  
  161.00 -0.30693    161.00  0.00000  
  162.00 -0.31523    162.00  0.00000  
  163.00 -0.32315    163.00  0.00000  
  164.00 -0.31978    164.00  0.00000  
  165.00 -0.29883    165.00  0.00000  
  166.00 -0.29748    166.00  0.00000  
  167.00 -0.28023    167.00  0.00000  
  168.00 -0.29315    168.00  0.00000  
  169.00 -0.31989    169.00  0.00000  
  170.00 -0.35579    170.00  0.00000  
  171.00 -0.35549    171.00  0.00000  
  172.00 -0.34306    172.00  0.00000  
  173.00 -0.32188    173.00  0.00000  
  174.00 -0.29588    174.00  0.00000  
  175.00 -0.28906    175.00  0.00000  
  176.00 -0.30482    176.00  0.00000  
  177.00 -0.31617    177.00  0.00000  
  178.00 -0.32085    178.00  0.00000  
  179.00 -0.32945    179.00  0.00000  
  180.00 -0.32398    180.00  0.00000  
  181.00 -0.30847    181.00  0.00000  
  182.00 -0.28846    182.00  0.00000  
  183.00 -0.28678    183.00  0.00000  
  184.00 -0.31076    184.00  0.00000  
  185.00 -0.33019    185.00  0.00000  
  186.00 -0.33872    186.00  0.00000  
  187.00 -0.34083    187.00  0.00000  
  188.00 -0.33321    188.00  0.00000  
  189.00 -0.30098    189.00  0.00000  
  190.00 -0.28647    190.00  0.00000  
  191.00 -0.27499    191.00  0.00000  
  192.00 -0.30172    192.00  0.00000  
  193.00 -0.31722    193.00  0.00000  
  194.00 -0.32585    194.00  0.00000  
  195.00 -0.33037    195.00  0.00000  
  196.00 -0.34092    196.00  0.00000  
  197.00 -0.31226    197.00  0.00000  
  198.00 -0.30172    198.00  0.00000  
  199.00 -0.29822    199.00  0.00000  
  200.00 -0.32105    200.00  0.00000  
  201.00 -0.32443    201.00  0.00000  
  202.00 -0.33907    202.00  0.00000  
  203.00 -0.44731    203.00  0.00000  
  204.00 -0.44259    204.00  0.00000  
  205.00 -0.39379    205.00  0.00000  
  206.00 -0.35086    206.00  0.00000  
  207.00 -0.33582    207.00  0.00000  
  208.00 -0.34714    208.00  0.00000  
  209.00 -0.34647    209.00  0.00000  
  210.00 -0.35104    210.00  0.00000  
  211.00 -0.35841    211.00  0.00000  
  212.00 -0.34899    212.00  0.00000  
  213.00 -0.31734    213.00  0.00000  
  214.00 -0.30223    214.00  0.00000  
  215.00 -0.29832    215.00  0.00000  
  216.00 -0.31909    216.00  0.00000  
  217.00 -0.32553    217.00  0.00000  
  218.00 -0.33313    218.00  0.00000  
  219.00 -0.34177    219.00  0.00000  
  220.00 -0.34614    220.00  0.00000  
  221.00 -0.31845    221.00  0.00000  
  222.00 -0.30137    222.00  0.00000  
  223.00 -0.29195    223.00  0.00000  
  224.00 -0.30771    224.00  0.00000  
  225.00 -0.32069    225.00  0.00000  
  226.00 -0.33861    226.00  0.00000  
  227.00 -0.33725    227.00  0.00000  
  228.00 -0.33847    228.00  0.00000  
  229.00 -0.34641    229.00  0.00000  
  230.00 -0.30532    230.00  0.00000  
  231.00 -0.29099    231.00  0.00000  
  232.00 -0.31738    232.00  0.00000  
  233.00 -0.31967    233.00  0.00000  
  234.00 -0.34435    234.00  0.00000  
  235.00 -0.34223    235.00  0.00000  
  236.00 -0.34788    236.00  0.00000  
  237.00 -0.31571    237.00  0.00000  
  238.00 -0.30661    238.00  0.00000  
  239.00 -0.29963    239.00  0.00000  
  240.00 -0.31099    240.00  0.00000  
  241.00 -0.33452    241.00  0.00000  
  242.00 -0.33844    242.00  0.00000  
  243.00 -0.33773    243.00  0.00000  
  244.00 -0.34553    244.00  0.00000  
  245.00 -0.31493    245.00  0.00000  
  246.00 -0.29930    246.00  0.00000  
  247.00 -0.29508    247.00  0.00000  
  248.00 -0.30308    248.00  0.00000  
  249.00 -0.32061    249.00  0.00000  
  250.00 -0.32799    250.00  0.00000  
  251.00 -0.32442    251.00  0.00000  
  252.00 -0.32930    252.00  0.00000  
  253.00 -0.29915    253.00  0.00000  
  254.00 -0.28843    254.00  0.00000  
  255.00 -0.28776    255.00  0.00000  
  256.00 -0.30247    256.00  0.00000  
  257.00 -0.31657    257.00  0.00000  
  258.00 -0.04407    258.00  0.00000  
  259.00 -0.08446    259.00  0.00000  
  260.00 -0.14197    260.00  0.00000  
  261.00 -0.16158    261.00  0.00000  
  262.00 -0.18401    262.00  0.00000  
  263.00 -0.19597    263.00  0.00000  
  264.00 -0.24016    264.00  0.00000  
  265.00 -0.27264    265.00  0.00000  
  266.00 -0.28933    266.00  0.00000  
  267.00 -0.29092    267.00  0.00000  
  268.00 -0.29907    268.00  0.00000  
  269.00 -0.32723    269.00  0.00000  
  270.00 -0.32462    270.00  0.00000  
  271.00 -0.30694    271.00  0.00000  
  272.00 -0.31286    272.00  0.00000  
  273.00 -0.32660    273.00  0.00000  
  274.00 -0.33212    274.00  0.00000  
  275.00 -0.32633    275.00  0.00000  
  276.00 -0.33242    276.00  0.00000  
  277.00 -0.29220    277.00  0.00000  
  278.00 -0.28172    278.00  0.00000  
  279.00 -0.27971    279.00  0.00000  
  280.00 -0.29586    280.00  0.00000  
  281.00 -0.30865    281.00  0.00000  
  282.00 -0.31595    282.00  0.00000  
  283.00 -0.32144    283.00  0.00000  
  284.00 -0.32689    284.00  0.00000  
  285.00 -0.31194    285.00  0.00000  
  286.00 -0.28891    286.00  0.00000  
  287.00 -0.28050    287.00  0.00000  
  288.00 -0.30389    288.00  0.00000  
  289.00 -0.31357    289.00  0.00000  
  290.00 -0.32201    290.00  0.00000  
  291.00 -0.32721    291.00  0.00000  
  292.00 -0.31870    292.00  0.00000  
  293.00 -0.29777    293.00  0.00000  
  294.00 -0.28665    294.00  0.00000  
  295.00 -0.27248    295.00  0.00000  
  296.00 -0.29028    296.00  0.00000  
  297.00 -0.30798    297.00  0.00000  
  298.00 -0.31032    298.00  0.00000  
  299.00 -0.31514    299.00  0.00000  
  300.00 -0.31357    300.00  0.00000  
  301.00 -0.30293    301.00  0.00000  
  302.00 -0.28765    302.00  0.00000  
  303.00 -0.26989    303.00  0.00000  
  304.00 -0.29332    304.00  0.00000  
  305.00 -0.30786    305.00  0.00000  
  306.00 -0.31570    306.00  0.00000  
  307.00 -0.31843    307.00  0.00000  
  308.00 -0.32228    308.00  0.00000  
  309.00 -0.29749    309.00  0.00000  
  310.00 -0.27381    310.00  0.00000  
  311.00 -0.26793    311.00  0.00000  
  312.00 -0.29369    312.00  0.00000  
  313.00 -0.29853    313.00  0.00000  
  314.00 -0.31065    314.00  0.00000  
  315.00 -0.31956    315.00  0.00000  
  316.00 -0.31539    316.00  0.00000  
  317.00 -0.31313    317.00  0.00000  
  318.00 -0.27133    318.00  0.00000  
  319.00 -0.27993    319.00  0.00000  
  320.00 -0.29386    320.00  0.00000  
  321.00 -0.30387    321.00  0.00000  
  322.00 -0.30467    322.00  0.00000  
  323.00 -0.32025    323.00  0.00000  
  324.00 -0.32106    324.00  0.00000  
  325.00 -0.30152    325.00  0.00000  
  326.00 -0.28245    326.00  0.00000  
  327.00 -0.26499    327.00  0.00000  
  328.00 -0.27750    328.00  0.00000  
  329.00 -0.30207    329.00  0.00000  
  330.00 -0.32181    330.00  0.00000  
  331.00 -0.31831    331.00  0.00000  
  332.00 -0.29333    332.00  0.00000  
  333.00 -0.25222    333.00  0.00000  
  334.00 -0.27144    334.00  0.00000  
  335.00 -0.30264    335.00  0.00000  
  336.00 -0.29906    336.00  0.00000  
  337.00 -0.30308    337.00  0.00000  
  338.00 -0.27576    338.00  0.00000  
  339.00 -0.29158    339.00  0.00000  
  340.00 -0.33035    340.00  0.00000  
  341.00 -0.32826    341.00  0.00000  
  342.00 -0.30238    342.00  0.00000  
  343.00 -0.28471    343.00  0.00000  
  344.00 -0.29982    344.00  0.00000  
  345.00 -0.31197    345.00  0.00000  
  346.00 -0.32568    346.00  0.00000  
  347.00 -0.30647    347.00  0.00000  
  348.00 -0.30489    348.00  0.00000  
  349.00 -0.32549    349.00  0.00000  
  350.00 -0.29738    350.00  0.00000  
  351.00 -0.28392    351.00  0.00000  
  352.00 -0.30635    352.00  0.00000  
  353.00 -0.31205    353.00  0.00000  
  354.00 -0.30841    354.00  0.00000  
  355.00 -0.29501    355.00  0.00000  
  356.00 -0.25765    356.00  0.00000  
  357.00 -0.23488    357.00  0.00000  
  358.00 -0.21607    358.00  0.00000  
  359.00 -0.22803    359.00  0.00000  
  360.00 -0.26831    360.00  0.00000  
  361.00 -0.28646    361.00  0.00000  
  362.00 -0.34832    362.00  0.00000  
  363.00 -0.35053    363.00  0.00000  
  364.00 -0.34201    364.00  0.00000  
  365.00 -0.32236    365.00  0.00000  
  366.00 -0.30508    366.00  0.00000  
  367.00 -0.29976    367.00  0.00000  
  368.00 -0.31119    368.00  0.00000  
  369.00 -0.32203    369.00  0.00000  
  370.00 -0.31624    370.00  0.00000  
  371.00 -0.33229    371.00  0.00000  
  372.00 -0.34174    372.00  0.00000  
  373.00 -0.31024    373.00  0.00000  
  374.00 -0.28830    374.00  0.00000  
  375.00 -0.28261    375.00  0.00000  
  376.00 -0.29807    376.00  0.00000  
  377.00 -0.30700    377.00  0.00000  
  378.00 -0.30786    378.00  0.00000  
  379.00 -0.31400    379.00  0.00000  
  380.00 -0.32016    380.00  0.00000  
  381.00 -0.29397    381.00  0.00000  
  382.00 -0.27923    382.00  0.00000  
  383.00 -0.27084    383.00  0.00000  
  384.00 -0.28454    384.00  0.00000  
  385.00 -0.29769    385.00  0.00000  
  386.00 -0.30573    386.00  0.00000  
  387.00 -0.31415    387.00  0.00000  
  388.00 -0.29901    388.00  0.00000  
  389.00 -0.27234    389.00  0.00000  
  390.00 -0.28769    390.00  0.00000  
  391.00 -0.29186    391.00  0.00000  
  392.00 -0.30411    392.00  0.00000  
  393.00 -0.31029    393.00  0.00000  
  394.00 -0.31709    394.00  0.00000  
  395.00 -0.32386    395.00  0.00000  
  396.00 -0.33903    396.00  0.00000  
  397.00 -0.30961    397.00  0.00000  
  398.00 -0.28117    398.00  0.00000  
  399.00 -0.28102    399.00  0.00000  
  400.00 -0.29890    400.00  0.00000  
  401.00 -0.30145    401.00  0.00000  
  402.00 -0.31039    402.00  0.00000  
  403.00 -0.31327    403.00  0.00000  
  404.00 -0.31452    404.00  0.00000  
  405.00 -0.28862    405.00  0.00000  
  406.00 -0.27816    406.00  0.00000  
  407.00 -0.27729    407.00  0.00000  
  408.00 -0.29128    408.00  0.00000  
  409.00 -0.30069    409.00  0.00000  
  410.00 -0.30679    410.00  0.00000  
  411.00 -0.31703    411.00  0.00000  
  412.00 -0.31516    412.00  0.00000  
  413.00 -0.29103    413.00  0.00000  
  414.00 -0.27864    414.00  0.00000  
  415.00 -0.27228    415.00  0.00000  
  416.00 -0.29610    416.00  0.00000  
  417.00 -0.31480    417.00  0.00000  
  418.00 -0.31973    418.00  0.00000  
  419.00 -0.32442    419.00  0.00000  
  420.00 -0.07076    420.00  0.00000  
  421.00 -0.08301    421.00  0.00000  
  422.00 -0.12064    422.00  0.00000  
  423.00 -0.15529    423.00  0.00000  
  424.00 -0.20670    424.00  0.00000  
  425.00 -0.24788    425.00  0.00000  
  426.00 -0.28651    426.00  0.00000  
  427.00 -0.30391    427.00  0.00000  
  428.00 -0.30028    428.00  0.00000  
  429.00 -0.28340    429.00  0.00000  
  430.00 -0.27705    430.00  0.00000  
  431.00 -0.28017    431.00  0.00000  
  432.00 -0.30294    432.00  0.00000  
  433.00 -0.30052    433.00  0.00000  
  434.00 -0.31907    434.00  0.00000  
  435.00 -0.32876    435.00  0.00000  
  436.00 -0.33296    436.00  0.00000  
  437.00 -0.30817    437.00  0.00000  
  438.00 -0.28093    438.00  0.00000  
  439.00 -0.25605    439.00  0.00000  
  440.00 -0.29795    440.00  0.00000  
  441.00 -0.31666    441.00  0.00000  
  442.00 -0.31957    442.00  0.00000  
  443.00 -0.31611    443.00  0.00000  
  444.00 -0.29713    444.00  0.00000  
  445.00 -0.28896    445.00  0.00000  
  446.00 -0.22419    446.00  0.00000  
  447.00 -0.20627    447.00  0.00000  
  448.00 -0.24861    448.00  0.00000  
  449.00 -0.30791    449.00  0.00000  
  450.00 -0.37056    450.00  0.00000  
  451.00 -0.33449    451.00  0.00000  
  452.00 -0.28795    452.00  0.00000  
  453.00 -0.26266    453.00  0.00000  
  454.00 -0.27472    454.00  0.00000  
  455.00 -0.26437    455.00  0.00000  
  456.00 -0.30136    456.00  0.00000  
  457.00 -0.33314    457.00  0.00000  
  458.00 -0.31029    458.00  0.00000  
  459.00 -0.29287    459.00  0.00000  
  460.00 -0.29505    460.00  0.00000  
  461.00 -0.28003    461.00  0.00000  
  462.00 -0.27261    462.00  0.00000  
  463.00 -0.26351    463.00  0.00000  
  464.00 -0.28727    464.00  0.00000  
  465.00 -0.30071    465.00  0.00000  
  466.00 -0.30561    466.00  0.00000  
  467.00 -0.32677    467.00  0.00000  
  468.00 -0.33430    468.00  0.00000  
  469.00 -0.31273    469.00  0.00000  
  470.00 -0.29710    470.00  0.00000  
  471.00 -0.28785    471.00  0.00000  
  472.00 -0.30176    472.00  0.00000  
  473.00 -0.31886    473.00  0.00000  
  474.00 -0.32583    474.00  0.00000  
  475.00 -0.32941    475.00  0.00000  
  476.00 -0.31879    476.00  0.00000  
  477.00 -0.30949    477.00  0.00000  
  478.00 -0.29949    478.00  0.00000  
  479.00 -0.28507    479.00  0.00000  
  480.00 -0.30224    480.00  0.00000  
  481.00 -0.31848    481.00  0.00000  
  482.00 -0.31849    482.00  0.00000  
  483.00 -0.33037    483.00  0.00000  
  484.00 -0.33318    484.00  0.00000  
  485.00 -0.30982    485.00  0.00000  
  486.00 -0.29513    486.00  0.00000  
  487.00 -0.28505    487.00  0.00000  
  488.00 -0.30280    488.00  0.00000  
  489.00 -0.31930    489.00  0.00000  
  490.00 -0.32096    490.00  0.00000  
  491.00 -0.33367    491.00  0.00000  
  492.00 -0.33094    492.00  0.00000  
  493.00 -0.30927    493.00  0.00000  
  494.00 -0.29566    494.00  0.00000  
  495.00 -0.29407    495.00  0.00000  
  496.00 -0.31581    496.00  0.00000  
  497.00 -0.33000    497.00  0.00000  
  498.00 -0.33521    498.00  0.00000  
  499.00 -0.34368    499.00  0.00000  
  500.00 -0.33852    500.00  0.00000  
  501.00 -0.31043    501.00  0.00000  
  502.00 -0.08983    502.00  0.00000  
  503.00  0.20296    503.00  0.00000  
  504.00  0.44223    504.00  0.00000  
  505.00  0.60953    505.00  0.00000  
  506.00  0.75866    506.00  0.00000  
  507.00  0.86725    507.00  0.00000  
  508.00  0.95150    508.00  0.00000  
  509.00  1.03977    509.00  0.00000  
  510.00  0.91337    510.00  0.00000  
  511.00  0.64016    511.00  0.00000  
