Date : 2022/09/24 (SAT)
Time : 07:22:54
   Film : Pattern         Review Cam  
     X        Y         X        Y    
    0.00  0.43082      0.00  0.00000  
    1.00  0.37257      1.00  0.00000  
    2.00 -0.00310      2.00  0.00000  
    3.00 -0.00835      3.00  0.00000  
    4.00 -0.01273      4.00  0.00000  
    5.00  0.00000      5.00  0.00000  
    6.00 -0.01480      6.00  0.00000  
    7.00 -0.01614      7.00  0.00000  
    8.00 -0.01277      8.00  0.00000  
    9.00 -0.01172      9.00  0.00000  
   10.00 -0.00566     10.00  0.00000  
   11.00 -0.00358     11.00  0.00000  
   12.00  0.00000     12.00  0.00000  
   13.00 -0.00814     13.00  0.00000  
   14.00  0.00000     14.00  0.00000  
   15.00  0.00000     15.00  0.00000  
   16.00 -0.00899     16.00  0.00000  
   17.00 -0.00470     17.00  0.00000  
   18.00  0.00000     18.00  0.00000  
   19.00  0.00000     19.00  0.00000  
   20.00  0.00000     20.00  0.00000  
   21.00  0.00000     21.00  0.00000  
   22.00  0.00000     22.00  0.00000  
   23.00 -0.00522     23.00  0.00000  
   24.00 -0.00706     24.00  0.00000  
   25.00  0.00559     25.00  0.00000  
   26.00  0.01171     26.00  0.00000  
   27.00  0.00508     27.00  0.00000  
   28.00  0.01311     28.00  0.00000  
   29.00  0.00673     29.00  0.00000  
   30.00  0.00995     30.00  0.00000  
   31.00  0.00478     31.00  0.00000  
   32.00  0.01077     32.00  0.00000  
   33.00  0.00931     33.00  0.00000  
   34.00  0.00542     34.00  0.00000  
   35.00  0.01344     35.00  0.00000  
   36.00  0.00000     36.00  0.00000  
   37.00  0.00000     37.00  0.00000  
   38.00  0.00000     38.00  0.00000  
   39.00  0.00611     39.00  0.00000  
   40.00  0.00000     40.00  0.00000  
   41.00 -0.00423     41.00  0.00000  
   42.00  0.00871     42.00  0.00000  
   43.00  0.00988     43.00  0.00000  
   44.00  0.00000     44.00  0.00000  
   45.00  0.00848     45.00  0.00000  
   46.00  0.01206     46.00  0.00000  
   47.00 -0.00776     47.00  0.00000  
   48.00  0.00529     48.00  0.00000  
   49.00  0.00383     49.00  0.00000  
   50.00  0.00812     50.00  0.00000  
   51.00  0.00000     51.00  0.00000  
   52.00 -0.00336     52.00  0.00000  
   53.00 -0.01353     53.00  0.00000  
   54.00 -0.00610     54.00  0.00000  
   55.00 -0.01184     55.00  0.00000  
   56.00 -0.01669     56.00  0.00000  
   57.00 -0.00917     57.00  0.00000  
   58.00 -0.00302     58.00  0.00000  
   59.00 -0.00461     59.00  0.00000  
   60.00  0.00000     60.00  0.00000  
   61.00  0.00000     61.00  0.00000  
   62.00 -0.00978     62.00  0.00000  
   63.00 -0.00564     63.00  0.00000  
   64.00 -0.01652     64.00  0.00000  
   65.00  0.00000     65.00  0.00000  
   66.00  0.00000     66.00  0.00000  
   67.00  0.00000     67.00  0.00000  
   68.00 -0.01788     68.00  0.00000  
   69.00  0.00449     69.00  0.00000  
   70.00 -0.00961     70.00  0.00000  
   71.00 -0.01261     71.00  0.00000  
   72.00 -0.00393     72.00  0.00000  
   73.00 -0.01140     73.00  0.00000  
   74.00  0.00000     74.00  0.00000  
   75.00 -0.00725     75.00  0.00000  
   76.00  0.00537     76.00  0.00000  
   77.00  0.00816     77.00  0.00000  
   78.00 -0.00500     78.00  0.00000  
   79.00  0.01622     79.00  0.00000  
   80.00 -0.00868     80.00  0.00000  
   81.00  0.01003     81.00  0.00000  
   82.00  0.00000     82.00  0.00000  
   83.00  0.00000     83.00  0.00000  
   84.00 -0.01308     84.00  0.00000  
   85.00 -0.00314     85.00  0.00000  
   86.00  0.00307     86.00  0.00000  
   87.00 -0.00786     87.00  0.00000  
   88.00  0.01658     88.00  0.00000  
   89.00  0.00000     89.00  0.00000  
   90.00  0.02539     90.00  0.00000  
   91.00  0.01266     91.00  0.00000  
   92.00 -0.03116     92.00  0.00000  
   93.00  0.00641     93.00  0.00000  
   94.00  0.00490     94.00  0.00000  
   95.00  0.00304     95.00  0.00000  
   96.00  0.01324     96.00  0.00000  
   97.00  0.00944     97.00  0.00000  
   98.00  0.00314     98.00  0.00000  
   99.00  0.00000     99.00  0.00000  
  100.00 -0.02783    100.00  0.00000  
  101.00  0.00000    101.00  0.00000  
  102.00 -0.01352    102.00  0.00000  
  103.00 -0.00380    103.00  0.00000  
  104.00  0.01081    104.00  0.00000  
  105.00 -0.01038    105.00  0.00000  
  106.00 -0.00477    106.00  0.00000  
  107.00 -0.00308    107.00  0.00000  
  108.00 -0.01157    108.00  0.00000  
  109.00 -0.01223    109.00  0.00000  
  110.00  0.00000    110.00  0.00000  
  111.00 -0.08520    111.00  0.00000  
  112.00 -0.01250    112.00  0.00000  
  113.00  0.00657    113.00  0.00000  
  114.00  0.00310    114.00  0.00000  
  115.00 -0.00320    115.00  0.00000  
  116.00  0.00000    116.00  0.00000  
  117.00  0.00000    117.00  0.00000  
  118.00 -0.00747    118.00  0.00000  
  119.00  0.00000    119.00  0.00000  
  120.00  0.01085    120.00  0.00000  
  121.00  0.00302    121.00  0.00000  
  122.00  0.00363    122.00  0.00000  
  123.00 -0.09636    123.00  0.00000  
  124.00 -0.02834    124.00  0.00000  
  125.00  0.00000    125.00  0.00000  
  126.00  0.01240    126.00  0.00000  
  127.00  0.01830    127.00  0.00000  
  128.00  0.01137    128.00  0.00000  
  129.00  0.00567    129.00  0.00000  
  130.00 -0.00417    130.00  0.00000  
  131.00 -0.10264    131.00  0.00000  
  132.00 -0.02231    132.00  0.00000  
  133.00 -0.01410    133.00  0.00000  
  134.00  0.00000    134.00  0.00000  
  135.00  0.00981    135.00  0.00000  
  136.00 -0.10030    136.00  0.00000  
  137.00 -0.02743    137.00  0.00000  
  138.00 -0.01332    138.00  0.00000  
  139.00 -0.00833    139.00  0.00000  
  140.00  0.00000    140.00  0.00000  
  141.00  0.00000    141.00  0.00000  
  142.00  0.00000    142.00  0.00000  
  143.00  0.00000    143.00  0.00000  
  144.00  0.00651    144.00  0.00000  
  145.00 -0.01531    145.00  0.00000  
  146.00 -0.03141    146.00  0.00000  
  147.00 -0.01569    147.00  0.00000  
  148.00 -0.00939    148.00  0.00000  
  149.00 -0.00329    149.00  0.00000  
  150.00  0.00581    150.00  0.00000  
  151.00 -0.08903    151.00  0.00000  
  152.00 -0.01312    152.00  0.00000  
  153.00  0.00000    153.00  0.00000  
  154.00  0.00000    154.00  0.00000  
  155.00  0.00569    155.00  0.00000  
  156.00  0.01827    156.00  0.00000  
  157.00  0.01387    157.00  0.00000  
  158.00  0.01672    158.00  0.00000  
  159.00  0.01099    159.00  0.00000  
  160.00  0.00500    160.00  0.00000  
  161.00  0.00339    161.00  0.00000  
  162.00  0.00000    162.00  0.00000  
  163.00  0.02263    163.00  0.00000  
  164.00  0.01899    164.00  0.00000  
  165.00 -0.00531    165.00  0.00000  
  166.00 -0.00916    166.00  0.00000  
  167.00 -0.00480    167.00  0.00000  
  168.00 -0.00377    168.00  0.00000  
  169.00 -0.00658    169.00  0.00000  
  170.00  0.00000    170.00  0.00000  
  171.00  0.00429    171.00  0.00000  
  172.00  0.00808    172.00  0.00000  
  173.00  0.00000    173.00  0.00000  
  174.00  0.00000    174.00  0.00000  
  175.00 -0.00704    175.00  0.00000  
  176.00 -0.00931    176.00  0.00000  
  177.00  0.00000    177.00  0.00000  
  178.00  0.00000    178.00  0.00000  
  179.00  0.01699    179.00  0.00000  
  180.00  0.02023    180.00  0.00000  
  181.00  0.01598    181.00  0.00000  
  182.00  0.01210    182.00  0.00000  
  183.00  0.00000    183.00  0.00000  
  184.00 -0.00418    184.00  0.00000  
  185.00 -0.00814    185.00  0.00000  
  186.00  0.00505    186.00  0.00000  
  187.00  0.01454    187.00  0.00000  
  188.00  0.02003    188.00  0.00000  
  189.00  0.01127    189.00  0.00000  
  190.00 -0.00426    190.00  0.00000  
  191.00 -0.01328    191.00  0.00000  
  192.00 -0.01496    192.00  0.00000  
  193.00 -0.00513    193.00  0.00000  
  194.00  0.00477    194.00  0.00000  
  195.00  0.01465    195.00  0.00000  
  196.00  0.01649    196.00  0.00000  
  197.00  0.01278    197.00  0.00000  
  198.00  0.00000    198.00  0.00000  
  199.00  0.00000    199.00  0.00000  
  200.00 -0.00480    200.00  0.00000  
  201.00 -0.00394    201.00  0.00000  
  202.00  0.00000    202.00  0.00000  
  203.00 -0.00655    203.00  0.00000  
  204.00 -0.01109    204.00  0.00000  
  205.00  0.00000    205.00  0.00000  
  206.00  0.00000    206.00  0.00000  
  207.00 -0.00318    207.00  0.00000  
  208.00 -0.01378    208.00  0.00000  
  209.00 -0.01140    209.00  0.00000  
  210.00 -0.00834    210.00  0.00000  
  211.00  0.00000    211.00  0.00000  
  212.00  0.00983    212.00  0.00000  
  213.00  0.01301    213.00  0.00000  
  214.00  0.01029    214.00  0.00000  
  215.00  0.00000    215.00  0.00000  
  216.00 -0.01639    216.00  0.00000  
  217.00 -0.01061    217.00  0.00000  
  218.00 -0.00326    218.00  0.00000  
  219.00  0.01031    219.00  0.00000  
  220.00  0.00000    220.00  0.00000  
  221.00 -0.00627    221.00  0.00000  
  222.00 -0.00975    222.00  0.00000  
  223.00 -0.00486    223.00  0.00000  
  224.00 -0.02079    224.00  0.00000  
  225.00 -0.00725    225.00  0.00000  
  226.00  0.00000    226.00  0.00000  
  227.00  0.00912    227.00  0.00000  
  228.00  0.00998    228.00  0.00000  
  229.00  0.00378    229.00  0.00000  
  230.00  0.00855    230.00  0.00000  
  231.00 -0.00326    231.00  0.00000  
  232.00 -0.00969    232.00  0.00000  
  233.00 -0.01139    233.00  0.00000  
  234.00 -0.00589    234.00  0.00000  
  235.00  0.00000    235.00  0.00000  
  236.00  0.00994    236.00  0.00000  
  237.00  0.01264    237.00  0.00000  
  238.00  0.00378    238.00  0.00000  
  239.00 -0.01102    239.00  0.00000  
  240.00 -0.01556    240.00  0.00000  
  241.00 -0.00925    241.00  0.00000  
  242.00  0.00000    242.00  0.00000  
  243.00  0.01166    243.00  0.00000  
  244.00  0.01841    244.00  0.00000  
  245.00  0.00976    245.00  0.00000  
  246.00  0.00885    246.00  0.00000  
  247.00  0.00670    247.00  0.00000  
  248.00  0.00628    248.00  0.00000  
  249.00  0.00540    249.00  0.00000  
  250.00  0.00000    250.00  0.00000  
  251.00  0.00642    251.00  0.00000  
  252.00  0.00637    252.00  0.00000  
  253.00  0.00000    253.00  0.00000  
  254.00  0.00000    254.00  0.00000  
  255.00 -0.00432    255.00  0.00000  
  256.00 -0.00384    256.00  0.00000  
  257.00  0.00533    257.00  0.00000  
  258.00  0.00000    258.00  0.00000  
  259.00  0.00670    259.00  0.00000  
  260.00  0.01127    260.00  0.00000  
  261.00  0.00787    261.00  0.00000  
  262.00  0.01549    262.00  0.00000  
  263.00  0.01531    263.00  0.00000  
  264.00  0.00000    264.00  0.00000  
  265.00 -0.00373    265.00  0.00000  
  266.00 -0.00966    266.00  0.00000  
  267.00  0.00000    267.00  0.00000  
  268.00  0.00000    268.00  0.00000  
  269.00  0.00616    269.00  0.00000  
  270.00  0.00379    270.00  0.00000  
  271.00 -0.00590    271.00  0.00000  
  272.00 -0.00932    272.00  0.00000  
  273.00 -0.00960    273.00  0.00000  
  274.00 -0.00773    274.00  0.00000  
  275.00  0.00000    275.00  0.00000  
  276.00  0.00000    276.00  0.00000  
  277.00  0.00000    277.00  0.00000  
  278.00  0.00000    278.00  0.00000  
  279.00 -0.00653    279.00  0.00000  
  280.00 -0.01034    280.00  0.00000  
  281.00 -0.01182    281.00  0.00000  
  282.00 -0.00867    282.00  0.00000  
  283.00  0.00000    283.00  0.00000  
  284.00  0.00688    284.00  0.00000  
  285.00  0.00606    285.00  0.00000  
  286.00 -0.00356    286.00  0.00000  
  287.00 -0.01306    287.00  0.00000  
  288.00 -0.01252    288.00  0.00000  
  289.00 -0.01929    289.00  0.00000  
  290.00 -0.01309    290.00  0.00000  
  291.00  0.00000    291.00  0.00000  
  292.00  0.00682    292.00  0.00000  
  293.00  0.01557    293.00  0.00000  
  294.00  0.00884    294.00  0.00000  
  295.00  0.00000    295.00  0.00000  
  296.00 -0.00612    296.00  0.00000  
  297.00 -0.00864    297.00  0.00000  
  298.00 -0.00755    298.00  0.00000  
  299.00  0.00000    299.00  0.00000  
  300.00  0.00373    300.00  0.00000  
  301.00  0.00992    301.00  0.00000  
  302.00  0.00634    302.00  0.00000  
  303.00 -0.00499    303.00  0.00000  
  304.00 -0.01826    304.00  0.00000  
  305.00 -0.01742    305.00  0.00000  
  306.00 -0.01310    306.00  0.00000  
  307.00  0.00434    307.00  0.00000  
  308.00  0.01911    308.00  0.00000  
  309.00  0.01496    309.00  0.00000  
  310.00  0.01316    310.00  0.00000  
  311.00  0.00589    311.00  0.00000  
  312.00 -0.00376    312.00  0.00000  
  313.00 -0.00744    313.00  0.00000  
  314.00 -0.00306    314.00  0.00000  
  315.00  0.00000    315.00  0.00000  
  316.00  0.00341    316.00  0.00000  
  317.00  0.00000    317.00  0.00000  
  318.00 -0.00425    318.00  0.00000  
  319.00 -0.00683    319.00  0.00000  
  320.00 -0.01286    320.00  0.00000  
  321.00 -0.01738    321.00  0.00000  
  322.00 -0.01006    322.00  0.00000  
  323.00  0.00000    323.00  0.00000  
  324.00  0.01364    324.00  0.00000  
  325.00  0.02040    325.00  0.00000  
  326.00  0.01192    326.00  0.00000  
  327.00  0.00000    327.00  0.00000  
  328.00  0.00000    328.00  0.00000  
  329.00  0.00000    329.00  0.00000  
  330.00  0.00557    330.00  0.00000  
  331.00  0.01480    331.00  0.00000  
  332.00  0.01468    332.00  0.00000  
  333.00  0.01002    333.00  0.00000  
  334.00  0.00384    334.00  0.00000  
  335.00  0.00000    335.00  0.00000  
  336.00 -0.00717    336.00  0.00000  
  337.00 -0.01133    337.00  0.00000  
  338.00 -0.00473    338.00  0.00000  
  339.00  0.00000    339.00  0.00000  
  340.00  0.00817    340.00  0.00000  
  341.00  0.01091    341.00  0.00000  
  342.00  0.01119    342.00  0.00000  
  343.00  0.00000    343.00  0.00000  
  344.00  0.00000    344.00  0.00000  
  345.00 -0.00457    345.00  0.00000  
  346.00 -0.00836    346.00  0.00000  
  347.00  0.00000    347.00  0.00000  
  348.00  0.00000    348.00  0.00000  
  349.00  0.00901    349.00  0.00000  
  350.00  0.00000    350.00  0.00000  
  351.00 -0.00722    351.00  0.00000  
  352.00 -0.01665    352.00  0.00000  
  353.00 -0.01951    353.00  0.00000  
  354.00 -0.01319    354.00  0.00000  
  355.00 -0.00505    355.00  0.00000  
  356.00  0.00773    356.00  0.00000  
  357.00  0.01438    357.00  0.00000  
  358.00  0.00946    358.00  0.00000  
  359.00  0.00318    359.00  0.00000  
  360.00  0.00000    360.00  0.00000  
  361.00 -0.00403    361.00  0.00000  
  362.00  0.00000    362.00  0.00000  
  363.00  0.00397    363.00  0.00000  
  364.00  0.00510    364.00  0.00000  
  365.00  0.00834    365.00  0.00000  
  366.00  0.00000    366.00  0.00000  
  367.00  0.00000    367.00  0.00000  
  368.00 -0.01380    368.00  0.00000  
  369.00 -0.01169    369.00  0.00000  
  370.00 -0.00673    370.00  0.00000  
  371.00  0.00554    371.00  0.00000  
  372.00  0.01727    372.00  0.00000  
  373.00  0.01951    373.00  0.00000  
  374.00  0.00889    374.00  0.00000  
  375.00  0.00763    375.00  0.00000  
  376.00  0.00000    376.00  0.00000  
  377.00  0.00616    377.00  0.00000  
  378.00  0.00616    378.00  0.00000  
  379.00  0.01314    379.00  0.00000  
  380.00  0.00738    380.00  0.00000  
  381.00  0.00740    381.00  0.00000  
  382.00  0.00000    382.00  0.00000  
  383.00 -0.01032    383.00  0.00000  
  384.00 -0.01506    384.00  0.00000  
  385.00 -0.01120    385.00  0.00000  
  386.00 -0.00882    386.00  0.00000  
  387.00  0.00000    387.00  0.00000  
  388.00  0.00982    388.00  0.00000  
  389.00  0.00341    389.00  0.00000  
  390.00  0.00688    390.00  0.00000  
  391.00 -0.00308    391.00  0.00000  
  392.00 -0.00684    392.00  0.00000  
  393.00 -0.00743    393.00  0.00000  
  394.00  0.00302    394.00  0.00000  
  395.00  0.01016    395.00  0.00000  
  396.00  0.00307    396.00  0.00000  
  397.00  0.00426    397.00  0.00000  
  398.00 -0.00420    398.00  0.00000  
  399.00 -0.00968    399.00  0.00000  
  400.00 -0.01303    400.00  0.00000  
  401.00 -0.00864    401.00  0.00000  
  402.00 -0.00550    402.00  0.00000  
  403.00 -0.00737    403.00  0.00000  
  404.00  0.00500    404.00  0.00000  
  405.00  0.00627    405.00  0.00000  
  406.00  0.00454    406.00  0.00000  
  407.00 -0.00675    407.00  0.00000  
  408.00 -0.01048    408.00  0.00000  
  409.00 -0.00617    409.00  0.00000  
  410.00  0.00000    410.00  0.00000  
  411.00  0.00933    411.00  0.00000  
  412.00  0.00989    412.00  0.00000  
  413.00  0.00000    413.00  0.00000  
  414.00  0.00000    414.00  0.00000  
  415.00 -0.00357    415.00  0.00000  
  416.00 -0.01445    416.00  0.00000  
  417.00 -0.01292    417.00  0.00000  
  418.00 -0.00393    418.00  0.00000  
  419.00  0.00740    419.00  0.00000  
  420.00  0.01970    420.00  0.00000  
  421.00  0.01442    421.00  0.00000  
  422.00  0.00710    422.00  0.00000  
  423.00  0.00000    423.00  0.00000  
  424.00 -0.01098    424.00  0.00000  
  425.00 -0.00375    425.00  0.00000  
  426.00  0.00513    426.00  0.00000  
  427.00  0.01654    427.00  0.00000  
  428.00  0.00663    428.00  0.00000  
  429.00  0.00853    429.00  0.00000  
  430.00  0.00578    430.00  0.00000  
  431.00 -0.00368    431.00  0.00000  
  432.00 -0.01776    432.00  0.00000  
  433.00 -0.01687    433.00  0.00000  
  434.00 -0.00956    434.00  0.00000  
  435.00 -0.00349    435.00  0.00000  
  436.00  0.00557    436.00  0.00000  
  437.00  0.00692    437.00  0.00000  
  438.00  0.00344    438.00  0.00000  
  439.00 -0.00761    439.00  0.00000  
  440.00 -0.01155    440.00  0.00000  
  441.00 -0.00938    441.00  0.00000  
  442.00  0.00000    442.00  0.00000  
  443.00  0.01193    443.00  0.00000  
  444.00  0.01799    444.00  0.00000  
  445.00  0.00962    445.00  0.00000  
  446.00  0.00461    446.00  0.00000  
  447.00 -0.00782    447.00  0.00000  
  448.00 -0.01030    448.00  0.00000  
  449.00 -0.00733    449.00  0.00000  
  450.00  0.00000    450.00  0.00000  
  451.00  0.01215    451.00  0.00000  
  452.00  0.01171    452.00  0.00000  
  453.00  0.00937    453.00  0.00000  
  454.00  0.00000    454.00  0.00000  
  455.00 -0.00634    455.00  0.00000  
  456.00 -0.01364    456.00  0.00000  
  457.00 -0.00352    457.00  0.00000  
  458.00  0.00699    458.00  0.00000  
  459.00  0.01746    459.00  0.00000  
  460.00  0.01730    460.00  0.00000  
  461.00  0.00891    461.00  0.00000  
  462.00  0.00000    462.00  0.00000  
  463.00  0.00000    463.00  0.00000  
  464.00 -0.00568    464.00  0.00000  
  465.00 -0.01080    465.00  0.00000  
  466.00 -0.00707    466.00  0.00000  
  467.00  0.00000    467.00  0.00000  
  468.00  0.00000    468.00  0.00000  
  469.00  0.00689    469.00  0.00000  
  470.00  0.00808    470.00  0.00000  
  471.00  0.00696    471.00  0.00000  
  472.00 -0.00496    472.00  0.00000  
  473.00 -0.01142    473.00  0.00000  
  474.00 -0.00604    474.00  0.00000  
  475.00  0.00000    475.00  0.00000  
  476.00  0.00353    476.00  0.00000  
  477.00  0.00850    477.00  0.00000  
  478.00  0.01031    478.00  0.00000  
  479.00  0.00937    479.00  0.00000  
  480.00  0.00000    480.00  0.00000  
  481.00  0.00447    481.00  0.00000  
  482.00  0.00615    482.00  0.00000  
  483.00  0.02831    483.00  0.00000  
  484.00 -0.00514    484.00  0.00000  
  485.00  0.00000    485.00  0.00000  
  486.00  0.01139    486.00  0.00000  
  487.00  0.00000    487.00  0.00000  
  488.00  0.00000    488.00  0.00000  
  489.00  0.00000    489.00  0.00000  
  490.00  0.00992    490.00  0.00000  
  491.00  0.00444    491.00  0.00000  
  492.00 -0.00906    492.00  0.00000  
  493.00 -0.00957    493.00  0.00000  
  494.00  0.00445    494.00  0.00000  
  495.00  0.00566    495.00  0.00000  
  496.00  0.00000    496.00  0.00000  
  497.00 -0.01356    497.00  0.00000  
  498.00  0.00321    498.00  0.00000  
  499.00  0.00465    499.00  0.00000  
  500.00 -0.00531    500.00  0.00000  
  501.00 -0.00741    501.00  0.00000  
  502.00  0.00000    502.00  0.00000  
  503.00  0.01308    503.00  0.00000  
  504.00  0.00804    504.00  0.00000  
  505.00 -0.00683    505.00  0.00000  
  506.00  0.00630    506.00  0.00000  
  507.00 -0.00395    507.00  0.00000  
  508.00 -0.01072    508.00  0.00000  
  509.00  0.00000    509.00  0.00000  
  510.00 -0.00946    510.00  0.00000  
  511.00  0.00000    511.00  0.00000  
  512.00  0.00000    512.00  0.00000  
  513.00 -0.01905    513.00  0.00000  
  514.00  0.00000    514.00  0.00000  
  515.00 -0.01495    515.00  0.00000  
  516.00 -0.01672    516.00  0.00000  
  517.00  0.00000    517.00  0.00000  
  518.00  0.02263    518.00  0.00000  
  519.00  0.00580    519.00  0.00000  
  520.00  0.01029    520.00  0.00000  
  521.00 -0.00773    521.00  0.00000  
  522.00  0.01569    522.00  0.00000  
  523.00 -0.01122    523.00  0.00000  
  524.00  0.00348    524.00  0.00000  
  525.00  0.00000    525.00  0.00000  
  526.00  0.00578    526.00  0.00000  
  527.00  0.00000    527.00  0.00000  
  528.00  0.00779    528.00  0.00000  
  529.00  0.00528    529.00  0.00000  
  530.00 -0.00736    530.00  0.00000  
  531.00 -0.00795    531.00  0.00000  
  532.00  0.00000    532.00  0.00000  
  533.00 -0.00444    533.00  0.00000  
  534.00  0.00686    534.00  0.00000  
  535.00  0.01124    535.00  0.00000  
  536.00  0.00612    536.00  0.00000  
  537.00 -0.00746    537.00  0.00000  
  538.00  0.00623    538.00  0.00000  
